-0.452915,0.722502,0.174413,0.971222,0.038528,-0.056230,-0.228216,0.000000
-0.452869,0.722558,0.174493,0.971230,0.038528,-0.056137,-0.228204,0.000000
-0.452877,0.722728,0.174729,0.971340,0.038578,-0.055888,-0.227788,0.000000
-0.453030,0.722903,0.174949,0.971443,0.038648,-0.055691,-0.227382,0.000000
-0.452972,0.723107,0.175140,0.971543,0.038627,-0.055416,-0.227025,0.000000
-0.453220,0.723112,0.175568,0.971555,0.038779,-0.055305,-0.226975,0.000000
-0.453879,0.722901,0.176406,0.971439,0.039157,-0.055513,-0.227357,0.000000
-0.454933,0.722518,0.177752,0.971192,0.039790,-0.056022,-0.228174,0.000000
-0.456380,0.721877,0.179728,0.970787,0.040633,-0.056872,-0.229539,0.000000
-0.457521,0.721233,0.181188,0.970480,0.041342,-0.057498,-0.230552,0.000000
-0.458296,0.720748,0.182392,0.970222,0.041861,-0.057949,-0.231429,0.000000
-0.458377,0.720618,0.183310,0.970037,0.041999,-0.058101,-0.232141,0.000000
-0.457814,0.720868,0.183867,0.969946,0.041695,-0.058048,-0.232589,0.000000
-0.457125,0.721035,0.183736,0.969980,0.041333,-0.057862,-0.232557,0.000000
-0.456108,0.721170,0.182669,0.970132,0.040804,-0.057534,-0.232097,0.000000
-0.455222,0.721328,0.181538,0.970286,0.040333,-0.057192,-0.231620,0.000000
-0.454365,0.721605,0.180425,0.970428,0.039837,-0.056932,-0.231174,0.000000
-0.453738,0.721794,0.179490,0.970554,0.039474,-0.056703,-0.230764,0.000000
-0.453280,0.721943,0.178880,0.970619,0.039208,-0.056599,-0.230559,0.000000
-0.452877,0.722012,0.178393,0.970670,0.038980,-0.056502,-0.230409,0.000000
-0.452253,0.722167,0.178096,0.970666,0.038608,-0.056450,-0.230499,0.000000
-0.451657,0.722338,0.178121,0.970641,0.038247,-0.056439,-0.230667,0.000000
-0.450967,0.722491,0.178118,0.970629,0.037830,-0.056406,-0.230798,0.000000
-0.450323,0.722727,0.178202,0.970606,0.037403,-0.056405,-0.230961,0.000000
-0.449706,0.722961,0.178391,0.970553,0.037022,-0.056469,-0.231231,0.000000
-0.449235,0.723196,0.178680,0.970478,0.036676,-0.056642,-0.231557,0.000000
-0.449035,0.723271,0.178975,0.970363,0.036506,-0.056964,-0.231989,0.000000
-0.449170,0.723244,0.179183,0.970245,0.036702,-0.057330,-0.232357,0.000000
-0.449249,0.723180,0.179377,0.970104,0.037058,-0.057671,-0.232809,0.000000
-0.449336,0.722999,0.179712,0.969924,0.037613,-0.058051,-0.233372,0.000000
-0.449551,0.722846,0.180363,0.969662,0.038435,-0.058484,-0.234216,0.000000
-0.449659,0.722601,0.180941,0.969398,0.039446,-0.058809,-0.235060,0.000000
-0.449572,0.722179,0.181337,0.969092,0.041095,-0.058920,-0.236009,0.000000
-0.449409,0.721833,0.181611,0.968857,0.042474,-0.058991,-0.236712,0.000000
-0.448922,0.721756,0.181833,0.968636,0.043609,-0.058915,-0.237429,0.000000
-0.448133,0.721675,0.181682,0.968473,0.044721,-0.058606,-0.237961,0.000000
-0.447322,0.721527,0.181233,0.968375,0.045768,-0.058238,-0.238250,0.000000
-0.446359,0.721622,0.180523,0.968355,0.046626,-0.057762,-0.238280,0.000000
-0.444702,0.722034,0.179366,0.968436,0.047114,-0.057077,-0.238023,0.000000
-0.442936,0.722581,0.178414,0.968564,0.046989,-0.056400,-0.237687,0.000000
-0.440846,0.723397,0.177623,0.968699,0.046349,-0.055773,-0.237408,0.000000
-0.438537,0.724291,0.176891,0.968854,0.045377,-0.055135,-0.237115,0.000000
-0.436133,0.725194,0.176194,0.969024,0.044165,-0.054532,-0.236788,0.000000
-0.433760,0.726076,0.175686,0.969170,0.042885,-0.054007,-0.236546,0.000000
-0.431081,0.727093,0.175119,0.969331,0.041333,-0.053453,-0.236287,0.000000
-0.429296,0.727698,0.174623,0.969455,0.040281,-0.053078,-0.236045,0.000000
-0.427882,0.728146,0.174144,0.969562,0.039446,-0.052787,-0.235812,0.000000
-0.426445,0.728422,0.173246,0.969723,0.038621,-0.052424,-0.235365,0.000000
-0.425341,0.728701,0.172443,0.969836,0.038088,-0.052147,-0.235051,0.000000
-0.424260,0.728964,0.171506,0.969948,0.037538,-0.051926,-0.234726,0.000000
-0.423140,0.729303,0.170323,0.970072,0.036897,-0.051602,-0.234387,0.000000
-0.422705,0.729496,0.169679,0.970086,0.036670,-0.051530,-0.234379,0.000000
-0.422615,0.729348,0.168780,0.970113,0.036774,-0.051462,-0.234263,0.000000
-0.422959,0.729046,0.168214,0.970097,0.037232,-0.051465,-0.234258,0.000000
-0.423502,0.728877,0.168167,0.969987,0.037851,-0.051648,-0.234574,0.000000
-0.424044,0.728522,0.167908,0.969918,0.038548,-0.051824,-0.234708,0.000000
-0.424766,0.727849,0.167360,0.969875,0.039544,-0.052111,-0.234654,0.000000
-0.425152,0.727378,0.166953,0.969838,0.040335,-0.052297,-0.234633,0.000000
-0.425285,0.727125,0.166460,0.969810,0.040992,-0.052359,-0.234622,0.000000
-0.425328,0.726945,0.165926,0.969802,0.041478,-0.052322,-0.234576,0.000000
-0.425387,0.726736,0.165206,0.969827,0.041897,-0.052268,-0.234411,0.000000
-0.425352,0.726542,0.164510,0.969859,0.042189,-0.052178,-0.234245,0.000000
-0.425317,0.726494,0.164044,0.969834,0.042380,-0.052171,-0.234316,0.000000
-0.425314,0.726325,0.163591,0.969833,0.042522,-0.052150,-0.234298,0.000000
-0.425245,0.726180,0.163204,0.969811,0.042567,-0.052164,-0.234378,0.000000
-0.425307,0.725993,0.162895,0.969768,0.042654,-0.052263,-0.234519,0.000000
-0.425251,0.725868,0.162624,0.969728,0.042722,-0.052298,-0.234666,0.000000
-0.425219,0.725702,0.162345,0.969697,0.042880,-0.052290,-0.234764,0.000000
-0.425171,0.725617,0.162112,0.969648,0.043143,-0.052266,-0.234924,0.000000
-0.425156,0.725474,0.161907,0.969607,0.043445,-0.052225,-0.235047,0.000000
-0.425097,0.725383,0.161574,0.969588,0.043709,-0.052176,-0.235086,0.000000
-0.425157,0.725184,0.161086,0.969578,0.044092,-0.052125,-0.235068,0.000000
-0.425430,0.724860,0.160402,0.969582,0.044573,-0.052184,-0.234950,0.000000
-0.425621,0.724545,0.159768,0.969572,0.045078,-0.052180,-0.234894,0.000000
-0.425784,0.724242,0.158961,0.969564,0.045532,-0.052123,-0.234854,0.000000
-0.426060,0.723932,0.158368,0.969536,0.045995,-0.052117,-0.234881,0.000000
-0.426450,0.723584,0.157645,0.969527,0.046556,-0.052141,-0.234801,0.000000
-0.426939,0.723240,0.157043,0.969488,0.047258,-0.052141,-0.234820,0.000000
-0.427515,0.722878,0.156509,0.969420,0.047987,-0.052234,-0.234933,0.000000
-0.428038,0.722423,0.155981,0.969363,0.048729,-0.052345,-0.234990,0.000000
-0.428713,0.721977,0.155696,0.969226,0.049673,-0.052536,-0.235314,0.000000
-0.429142,0.721558,0.155436,0.969141,0.050362,-0.052617,-0.235501,0.000000
-0.429363,0.721260,0.155080,0.969086,0.050910,-0.052661,-0.235599,0.000000
-0.429545,0.721113,0.154924,0.968992,0.051380,-0.052782,-0.235856,0.000000
-0.429543,0.720932,0.154460,0.968955,0.051713,-0.052775,-0.235938,0.000000
-0.429566,0.720840,0.153950,0.968926,0.051985,-0.052764,-0.235998,0.000000
-0.429538,0.720673,0.153100,0.968919,0.052499,-0.052643,-0.235941,0.000000
-0.429531,0.720503,0.152618,0.968899,0.053087,-0.052520,-0.235920,0.000000
-0.429563,0.720375,0.152350,0.968854,0.053800,-0.052392,-0.235970,0.000000
-0.429576,0.720274,0.152162,0.968800,0.054569,-0.052264,-0.236043,0.000000
-0.429609,0.720212,0.152050,0.968756,0.055344,-0.052177,-0.236066,0.000000
-0.429757,0.720080,0.151948,0.968701,0.056288,-0.052169,-0.236069,0.000000
-0.430041,0.719937,0.151821,0.968661,0.057291,-0.052318,-0.235960,0.000000
-0.430247,0.719703,0.151592,0.968655,0.057986,-0.052561,-0.235761,0.000000
-0.430545,0.719422,0.151332,0.968620,0.058617,-0.052880,-0.235677,0.000000
-0.430813,0.719202,0.151157,0.968554,0.059196,-0.053212,-0.235729,0.000000
-0.430994,0.718859,0.150740,0.968516,0.059684,-0.053485,-0.235697,0.000000
-0.431123,0.718636,0.150386,0.968452,0.059969,-0.053826,-0.235812,0.000000
-0.431436,0.718322,0.149608,0.968386,0.060320,-0.054308,-0.235881,0.000000
-0.431607,0.718035,0.148659,0.968370,0.060489,-0.054687,-0.235818,0.000000
-0.431862,0.717772,0.147837,0.968317,0.060778,-0.055113,-0.235862,0.000000
-0.432059,0.717524,0.146837,0.968298,0.061082,-0.055480,-0.235777,0.000000
-0.432268,0.717367,0.145954,0.968239,0.061511,-0.055747,-0.235841,0.000000
-0.432413,0.717328,0.145323,0.968133,0.061987,-0.055928,-0.236111,0.000000
-0.432528,0.717303,0.144787,0.967989,0.062597,-0.056036,-0.236515,0.000000
-0.432635,0.717273,0.144369,0.967879,0.063063,-0.056178,-0.236808,0.000000
-0.432801,0.717267,0.144053,0.967741,0.063556,-0.056398,-0.237187,0.000000
-0.432921,0.717334,0.144019,0.967553,0.063934,-0.056621,-0.237796,0.000000
-0.433128,0.717473,0.144082,0.967306,0.064415,-0.056945,-0.238593,0.000000
-0.433415,0.717464,0.143824,0.967086,0.065052,-0.057302,-0.239229,0.000000
-0.433676,0.717474,0.143442,0.966862,0.065814,-0.057678,-0.239832,0.000000
-0.433984,0.717602,0.143132,0.966651,0.066660,-0.058011,-0.240368,0.000000
-0.434292,0.717701,0.142632,0.966487,0.067617,-0.058259,-0.240699,0.000000
-0.434647,0.717815,0.142337,0.966339,0.068597,-0.058468,-0.240968,0.000000
-0.435038,0.717989,0.142098,0.966154,0.069745,-0.058744,-0.241313,0.000000
-0.435342,0.717898,0.141557,0.966077,0.070703,-0.058915,-0.241298,0.000000
-0.435734,0.718044,0.141302,0.965934,0.071634,-0.059256,-0.241513,0.000000
-0.435946,0.718200,0.141158,0.965829,0.072138,-0.059440,-0.241740,0.000000
-0.435967,0.718159,0.140833,0.965800,0.072342,-0.059403,-0.241803,0.000000
-0.435958,0.718054,0.140413,0.965758,0.072581,-0.059372,-0.241907,0.000000
-0.435774,0.717986,0.139896,0.965741,0.072605,-0.059289,-0.241985,0.000000
-0.435642,0.717946,0.139557,0.965693,0.072568,-0.059296,-0.242189,0.000000
-0.435458,0.717942,0.139041,0.965620,0.072553,-0.059322,-0.242476,0.000000
-0.435315,0.717945,0.138546,0.965531,0.072546,-0.059334,-0.242830,0.000000
-0.435205,0.717881,0.138040,0.965422,0.072597,-0.059310,-0.243253,0.000000
-0.435036,0.717849,0.137757,0.965296,0.072524,-0.059273,-0.243784,0.000000
-0.434929,0.717948,0.137723,0.965131,0.072480,-0.059284,-0.244445,0.000000
-0.434715,0.717921,0.137537,0.965011,0.072383,-0.059230,-0.244962,0.000000
-0.434428,0.718128,0.137447,0.964843,0.072241,-0.059148,-0.245684,0.000000
-0.434119,0.718367,0.137373,0.964739,0.072033,-0.059054,-0.246175,0.000000
-0.433944,0.718805,0.137511,0.964577,0.071870,-0.059040,-0.246859,0.000000
-0.433956,0.719185,0.137658,0.964422,0.071806,-0.059112,-0.247466,0.000000
-0.434035,0.719617,0.137662,0.964291,0.071737,-0.059227,-0.247971,0.000000
-0.434144,0.720018,0.137585,0.964199,0.071741,-0.059264,-0.248316,0.000000
-0.434281,0.720474,0.137351,0.964116,0.071737,-0.059341,-0.248621,0.000000
-0.434336,0.720790,0.136947,0.964076,0.071727,-0.059333,-0.248780,0.000000
-0.434539,0.721361,0.136618,0.963986,0.071782,-0.059428,-0.249091,0.000000
-0.434626,0.721744,0.135964,0.963968,0.071867,-0.059364,-0.249152,0.000000
-0.434801,0.722187,0.134972,0.963982,0.072161,-0.059239,-0.249041,0.000000
-0.434851,0.722673,0.133947,0.964057,0.072293,-0.058973,-0.248778,0.000000
-0.434985,0.723184,0.132688,0.964237,0.072367,-0.058711,-0.248118,0.000000
-0.435191,0.723760,0.131591,0.964441,0.072421,-0.058465,-0.247368,0.000000
-0.435047,0.724184,0.130227,0.964756,0.072345,-0.057999,-0.246269,0.000000
-0.434909,0.724689,0.128992,0.965087,0.072222,-0.057533,-0.245115,0.000000
-0.434862,0.725268,0.127924,0.965399,0.072173,-0.057079,-0.244005,0.000000
-0.434925,0.725620,0.126731,0.965718,0.072291,-0.056662,-0.242800,0.000000
-0.435122,0.726175,0.125737,0.966029,0.072409,-0.056288,-0.241613,0.000000
-0.435121,0.726524,0.125283,0.966193,0.072402,-0.056069,-0.241009,0.000000
-0.435136,0.726635,0.125191,0.966263,0.072408,-0.055957,-0.240750,0.000000
-0.435201,0.726797,0.125259,0.966293,0.072464,-0.055833,-0.240646,0.000000
-0.435076,0.726965,0.125403,0.966305,0.072389,-0.055658,-0.240658,0.000000
-0.435039,0.727162,0.125676,0.966279,0.072360,-0.055544,-0.240798,0.000000
-0.434994,0.727306,0.125750,0.966304,0.072346,-0.055399,-0.240736,0.000000
-0.435059,0.727443,0.125881,0.966297,0.072339,-0.055393,-0.240768,0.000000
-0.435149,0.727678,0.125965,0.966271,0.072347,-0.055400,-0.240869,0.000000
-0.435194,0.727949,0.126037,0.966246,0.072351,-0.055394,-0.240966,0.000000
-0.435250,0.728124,0.126225,0.966210,0.072326,-0.055429,-0.241114,0.000000
-0.435365,0.728348,0.126396,0.966161,0.072343,-0.055483,-0.241291,0.000000
-0.435388,0.728558,0.126401,0.966138,0.072321,-0.055475,-0.241390,0.000000
-0.435483,0.728792,0.126510,0.966086,0.072322,-0.055517,-0.241590,0.000000
-0.435564,0.728995,0.126320,0.966074,0.072326,-0.055550,-0.241630,0.000000
-0.435583,0.729156,0.125733,0.966122,0.072289,-0.055490,-0.241461,0.000000
-0.435676,0.729249,0.124819,0.966204,0.072347,-0.055406,-0.241135,0.000000
-0.435769,0.729513,0.123669,0.966292,0.072357,-0.055305,-0.240804,0.000000
-0.435973,0.729764,0.121930,0.966425,0.072446,-0.055171,-0.240271,0.000000
-0.436350,0.729943,0.120644,0.966476,0.072631,-0.055132,-0.240021,0.000000
-0.436798,0.729957,0.119428,0.966509,0.072888,-0.055136,-0.239808,0.000000
-0.437119,0.729980,0.118445,0.966512,0.073079,-0.055145,-0.239736,0.000000
-0.437509,0.730011,0.117599,0.966482,0.073304,-0.055209,-0.239771,1.000000
-0.437721,0.730005,0.117384,0.966446,0.073411,-0.055269,-0.239871,1.000000
-0.437952,0.730009,0.117079,0.966403,0.073541,-0.055338,-0.239987,1.000000
-0.438272,0.729861,0.116692,0.966407,0.073747,-0.055368,-0.239903,1.000000
-0.438490,0.729626,0.116412,0.966409,0.073915,-0.055388,-0.239840,1.000000
-0.438616,0.729516,0.116288,0.966408,0.074019,-0.055394,-0.239809,1.000000
-0.438565,0.729449,0.116248,0.966413,0.073988,-0.055387,-0.239799,1.000000
-0.438646,0.729386,0.116369,0.966389,0.074000,-0.055447,-0.239880,1.000000
-0.438389,0.729485,0.116809,0.966357,0.073675,-0.055494,-0.240096,1.000000
-0.437838,0.729746,0.117261,0.966367,0.073178,-0.055468,-0.240215,1.000000
-0.437091,0.730097,0.117754,0.966385,0.072670,-0.055297,-0.240335,1.000000
-0.436430,0.730381,0.118359,0.966398,0.072261,-0.055109,-0.240449,1.000000
-0.435785,0.730684,0.119073,0.966378,0.071895,-0.054929,-0.240681,1.000000
-0.435084,0.730992,0.119789,0.966346,0.071470,-0.054844,-0.240957,1.000000
-0.434398,0.731464,0.120802,0.966229,0.070994,-0.054776,-0.241579,1.000000
-0.433962,0.731784,0.121520,0.966132,0.070746,-0.054667,-0.242063,1.000000
-0.433646,0.731961,0.122127,0.966053,0.070523,-0.054617,-0.242455,1.000000
-0.433433,0.732097,0.122755,0.965967,0.070393,-0.054575,-0.242844,1.000000
-0.433458,0.732130,0.123385,0.965872,0.070407,-0.054663,-0.243199,1.000000
-0.433385,0.732170,0.123946,0.965791,0.070350,-0.054668,-0.243535,1.000000
-0.433031,0.732291,0.124564,0.965715,0.070121,-0.054568,-0.243928,1.000000
-0.432802,0.732393,0.124946,0.965666,0.070007,-0.054500,-0.244168,1.000000
-0.432542,0.732408,0.125287,0.965627,0.069896,-0.054387,-0.244378,1.000000
-0.432299,0.732544,0.125468,0.965604,0.069722,-0.054383,-0.244522,1.000000
-0.431666,0.732718,0.125307,0.965653,0.069337,-0.054228,-0.244469,1.000000
-0.430866,0.733158,0.125312,0.965679,0.068859,-0.054012,-0.244552,1.000000
-0.430039,0.733522,0.125471,0.965686,0.068379,-0.053815,-0.244701,1.000000
-0.429447,0.733811,0.125689,0.965688,0.068043,-0.053701,-0.244811,1.000000
-0.428675,0.734158,0.126143,0.965677,0.067621,-0.053564,-0.245003,1.000000
-0.427737,0.734491,0.126699,0.965670,0.067085,-0.053308,-0.245233,1.000000
-0.426539,0.734916,0.127241,0.965691,0.066377,-0.052978,-0.245415,1.000000
-0.425100,0.735440,0.127903,0.965707,0.065578,-0.052522,-0.245665,1.000000
-0.422903,0.736273,0.128994,0.965736,0.064270,-0.051850,-0.246038,1.000000
-0.421019,0.736914,0.129730,0.965810,0.063200,-0.051251,-0.246152,1.000000
-0.418659,0.737687,0.130395,0.965975,0.061837,-0.050444,-0.246016,1.000000
-0.416044,0.738649,0.131426,0.966128,0.060318,-0.049579,-0.245969,1.000000
-0.413778,0.739578,0.132490,0.966264,0.058987,-0.048875,-0.245896,1.000000
-0.411776,0.740353,0.133288,0.966459,0.057785,-0.048326,-0.245526,1.000000
-0.409189,0.741540,0.134608,0.966675,0.056248,-0.047622,-0.245169,1.000000
-0.406997,0.742550,0.135767,0.966837,0.054997,-0.046974,-0.244939,1.000000
-0.405555,0.743321,0.136700,0.966942,0.054226,-0.046607,-0.244767,1.000000
-0.404641,0.743615,0.137169,0.967073,0.053863,-0.046327,-0.244380,1.000000
-0.403945,0.743962,0.137783,0.967114,0.053599,-0.046138,-0.244315,1.000000
-0.403591,0.744148,0.138207,0.967116,0.053529,-0.046022,-0.244343,1.000000
-0.403366,0.744188,0.138388,0.967135,0.053625,-0.045907,-0.244270,1.000000
-0.403268,0.744222,0.138451,0.967130,0.053760,-0.045844,-0.244269,1.000000
-0.403181,0.744445,0.138751,0.967069,0.053934,-0.045693,-0.244500,1.000000
-0.403010,0.744582,0.138987,0.967017,0.054164,-0.045412,-0.244709,1.000000
-0.402669,0.744797,0.139294,0.966975,0.054316,-0.044845,-0.244943,1.000000
-0.402257,0.745073,0.139556,0.966984,0.054337,-0.044216,-0.245020,1.000000
-0.401885,0.745242,0.139771,0.967051,0.054327,-0.043526,-0.244880,1.000000
-0.401685,0.745328,0.139824,0.967169,0.054310,-0.043143,-0.244484,1.000000
-0.401570,0.745353,0.139912,0.967327,0.054333,-0.042856,-0.243907,1.000000
-0.401672,0.745459,0.140197,0.967466,0.054368,-0.042758,-0.243361,1.000000
-0.401739,0.745569,0.140373,0.967641,0.054432,-0.042611,-0.242677,1.000000
-0.401924,0.745725,0.140462,0.967833,0.054548,-0.042469,-0.241908,1.000000
-0.402208,0.745717,0.140426,0.968094,0.054738,-0.042275,-0.240855,1.000000
-0.402202,0.745877,0.140363,0.968300,0.054733,-0.042061,-0.240061,1.000000
-0.402055,0.746243,0.140465,0.968479,0.054659,-0.041796,-0.239405,1.000000
-0.401937,0.746525,0.140544,0.968670,0.054626,-0.041451,-0.238696,1.000000
-0.401627,0.746918,0.140692,0.968854,0.054397,-0.041164,-0.238049,1.000000
-0.401088,0.747504,0.141018,0.969049,0.053991,-0.040831,-0.237405,1.000000
-0.400109,0.748627,0.141845,0.969321,0.053207,-0.040378,-0.236549,1.000000
-0.398982,0.749573,0.142252,0.969610,0.052301,-0.039856,-0.235653,1.000000
-0.397447,0.750525,0.142435,0.969982,0.051102,-0.039267,-0.234481,1.000000
-0.395675,0.751555,0.142680,0.970374,0.049636,-0.038704,-0.233265,1.000000
-0.393482,0.752700,0.142918,0.970771,0.047841,-0.037983,-0.232104,1.000000
-0.391088,0.753710,0.142971,0.971173,0.045966,-0.037152,-0.230932,1.000000
-0.388169,0.754873,0.143372,0.971561,0.043779,-0.035995,-0.229908,1.000000
-0.386142,0.755696,0.143852,0.971788,0.042307,-0.035202,-0.229345,1.000000
-0.384356,0.756251,0.144154,0.971989,0.041084,-0.034518,-0.228818,1.000000
-0.383068,0.756615,0.144588,0.972093,0.040291,-0.034052,-0.228587,1.000000
-0.382050,0.756863,0.144872,0.972192,0.039669,-0.033782,-0.228314,1.000000
-0.381143,0.757032,0.145000,0.972293,0.039166,-0.033583,-0.228001,1.000000
-0.380338,0.757171,0.145033,0.972411,0.038689,-0.033518,-0.227589,1.000000
-0.380226,0.757153,0.144980,0.972503,0.038550,-0.033869,-0.227167,1.000000
-0.380312,0.756997,0.144656,0.972607,0.038543,-0.034303,-0.226656,1.000000
-0.380477,0.756890,0.144366,0.972718,0.038557,-0.035011,-0.226069,1.000000
-0.380553,0.756784,0.144036,0.972846,0.038521,-0.035611,-0.225430,1.000000
-0.380312,0.756686,0.143620,0.973006,0.038390,-0.035907,-0.224713,1.000000
-0.379797,0.756535,0.143015,0.973243,0.038059,-0.036187,-0.223697,1.000000
-0.379118,0.756573,0.142679,0.973413,0.037626,-0.036226,-0.223023,1.000000
-0.378438,0.756643,0.142341,0.973562,0.037234,-0.036198,-0.222443,1.000000
-0.378162,0.756804,0.142124,0.973672,0.037052,-0.036459,-0.221945,1.000000
-0.378162,0.757232,0.141725,0.973801,0.036961,-0.037153,-0.221281,1.000000
-0.378584,0.757642,0.141206,0.973986,0.037194,-0.038149,-0.220256,1.000000
-0.379407,0.758011,0.140383,0.974330,0.037842,-0.039428,-0.218390,1.000000
-0.379742,0.758427,0.139277,0.974739,0.038492,-0.040178,-0.216306,1.000000
-0.379719,0.758769,0.137384,0.975318,0.039216,-0.040560,-0.213477,1.000000
-0.379703,0.759009,0.135570,0.975833,0.039920,-0.040737,-0.210942,1.000000
-0.379775,0.759056,0.134282,0.976214,0.040426,-0.040816,-0.209061,1.000000
-0.379919,0.759317,0.133313,0.976540,0.040831,-0.040860,-0.207444,1.000000
-0.379766,0.759692,0.132886,0.976793,0.040985,-0.040672,-0.206254,1.000000
-0.379483,0.760213,0.133314,0.976862,0.040830,-0.040507,-0.205994,1.000000
-0.378747,0.760955,0.133766,0.976958,0.040393,-0.040088,-0.205707,1.000000
-0.377713,0.761739,0.134157,0.977080,0.039817,-0.039507,-0.205348,1.000000
-0.376664,0.762631,0.134688,0.977181,0.039128,-0.039063,-0.205088,1.000000
-0.375235,0.763700,0.134989,0.977320,0.038260,-0.038495,-0.204693,1.000000
-0.373204,0.765015,0.135250,0.977497,0.037017,-0.037700,-0.204225,1.000000
-0.371964,0.765691,0.135593,0.977545,0.036323,-0.037180,-0.204216,1.000000
-0.370972,0.766292,0.136072,0.977534,0.035782,-0.036697,-0.204453,1.000000
-0.370011,0.766840,0.136904,0.977445,0.035278,-0.036164,-0.205056,1.000000
-0.369305,0.767110,0.137860,0.977325,0.034913,-0.035853,-0.205748,1.000000
-0.368542,0.767476,0.138897,0.977192,0.034490,-0.035583,-0.206495,1.000000
-0.367144,0.768013,0.139852,0.977121,0.033664,-0.035291,-0.207014,1.000000
-0.365836,0.768669,0.140605,0.977095,0.032892,-0.035034,-0.207308,1.000000
-0.364589,0.769355,0.141283,0.977107,0.032092,-0.034916,-0.207395,1.000000
-0.363199,0.770123,0.141909,0.977160,0.031221,-0.034810,-0.207297,1.000000
-0.361528,0.770869,0.142185,0.977294,0.030352,-0.034561,-0.206837,1.000000
-0.359709,0.771564,0.142127,0.977502,0.029375,-0.034195,-0.206055,1.000000
-0.357350,0.772400,0.141977,0.977779,0.028012,-0.033842,-0.204983,1.000000
-0.355341,0.773126,0.141935,0.977975,0.026935,-0.033501,-0.204246,1.000000
-0.353644,0.773847,0.142040,0.978118,0.026184,-0.033262,-0.203699,1.000000
-0.352123,0.774588,0.142381,0.978209,0.025635,-0.033073,-0.203361,1.000000
-0.350772,0.775209,0.142807,0.978290,0.025376,-0.032890,-0.203033,1.000000
-0.349604,0.775827,0.143527,0.978359,0.025559,-0.032888,-0.202681,1.000000
-0.348688,0.776236,0.143875,0.978484,0.025996,-0.033029,-0.201994,1.000000
-0.347588,0.776598,0.143897,0.978672,0.026323,-0.033087,-0.201032,1.000000
-0.346069,0.776953,0.143884,0.978913,0.026529,-0.033153,-0.199814,1.000000
-0.344146,0.777590,0.144073,0.979128,0.026368,-0.033205,-0.198775,1.000000
-0.341823,0.778149,0.143927,0.979377,0.025893,-0.033073,-0.197625,1.000000
-0.338971,0.778854,0.143790,0.979651,0.025150,-0.032865,-0.196393,1.000000
-0.335529,0.779650,0.143680,0.979943,0.024080,-0.032593,-0.195114,1.000000
-0.332729,0.780051,0.143441,0.980195,0.023167,-0.032252,-0.194015,1.000000
-0.329604,0.780559,0.143188,0.980464,0.022029,-0.031838,-0.192852,1.000000
-0.326892,0.781104,0.143055,0.980672,0.020950,-0.031373,-0.191988,1.000000
-0.324143,0.781436,0.142927,0.980903,0.019851,-0.030986,-0.190983,1.000000
-0.320686,0.781911,0.142664,0.981198,0.018408,-0.030437,-0.189700,1.000000
-0.316555,0.782609,0.142355,0.981511,0.016640,-0.029617,-0.188366,1.000000
-0.314502,0.782768,0.142206,0.981695,0.015911,-0.029278,-0.187521,1.000000
-0.312712,0.782744,0.141916,0.981918,0.015414,-0.029063,-0.186427,1.000000
-0.310773,0.782813,0.141647,0.982130,0.014788,-0.028619,-0.185427,1.000000
-0.309079,0.782775,0.141333,0.982331,0.014242,-0.028218,-0.184461,1.000000
-0.307825,0.782667,0.141067,0.982521,0.013837,-0.028119,-0.183494,1.000000
-0.305995,0.782643,0.140867,0.982737,0.013149,-0.027839,-0.182429,1.000000
-0.304297,0.782903,0.140905,0.982867,0.012410,-0.027467,-0.181835,1.000000
-0.302463,0.783202,0.140731,0.983054,0.011670,-0.027144,-0.180920,1.000000
-0.300822,0.783305,0.140373,0.983258,0.011094,-0.026820,-0.179893,1.000000
-0.299163,0.783528,0.140194,0.983428,0.010468,-0.026466,-0.179049,1.000000
-0.297538,0.783705,0.139912,0.983627,0.009932,-0.026142,-0.178032,1.000000
-0.295055,0.783801,0.139224,0.983926,0.009007,-0.025619,-0.176502,1.000000
-0.292986,0.784111,0.138948,0.984079,0.008124,-0.025206,-0.175749,1.000000
-0.290641,0.784479,0.138683,0.984244,0.007172,-0.024886,-0.174910,1.000000
-0.288345,0.784947,0.138650,0.984371,0.006268,-0.024489,-0.174285,1.000000
-0.286013,0.785426,0.138770,0.984490,0.005368,-0.024054,-0.173699,1.000000
-0.283744,0.785994,0.138672,0.984632,0.004588,-0.023602,-0.172979,1.000000
-0.280711,0.786414,0.138102,0.984864,0.003579,-0.023002,-0.171759,1.000000
-0.278235,0.786874,0.137702,0.985021,0.002786,-0.022475,-0.170939,1.000000
-0.275605,0.787356,0.137102,0.985204,0.001928,-0.022079,-0.169945,1.000000
-0.273191,0.787648,0.136321,0.985398,0.001086,-0.021611,-0.168884,1.000000
-0.270402,0.788033,0.135790,0.985573,0.000065,-0.021128,-0.167925,1.000000
-0.267689,0.788450,0.135166,0.985739,-0.001065,-0.020558,-0.167019,1.000000
-0.265111,0.788643,0.134398,0.985921,-0.002232,-0.019975,-0.166000,1.000000
-0.263140,0.788765,0.134077,0.986039,-0.003160,-0.019541,-0.165331,1.000000
-0.261020,0.788833,0.133649,0.986177,-0.004210,-0.018944,-0.164558,1.000000
-0.259378,0.788820,0.133307,0.986304,-0.005096,-0.018385,-0.163832,1.000000
-0.258092,0.788747,0.133117,0.986419,-0.005746,-0.017890,-0.163170,1.000000
-0.256576,0.788581,0.132764,0.986570,-0.006553,-0.017333,-0.162282,1.000000
-0.254436,0.788381,0.132225,0.986773,-0.007663,-0.016462,-0.161090,1.000000
-0.253224,0.788181,0.131855,0.986921,-0.008320,-0.016044,-0.160190,1.000000
-0.252263,0.787927,0.131378,0.987054,-0.008856,-0.015757,-0.159364,1.000000
-0.251150,0.787635,0.130887,0.987212,-0.009393,-0.015309,-0.158401,1.000000
-0.250004,0.787191,0.130266,0.987410,-0.009956,-0.014783,-0.157172,1.000000
-0.249527,0.786830,0.129870,0.987536,-0.010152,-0.014551,-0.156393,1.000000
-0.248834,0.786431,0.129431,0.987684,-0.010459,-0.014120,-0.155470,1.000000
-0.248368,0.786145,0.129154,0.987793,-0.010663,-0.013755,-0.154796,1.000000
-0.247892,0.785746,0.128837,0.987913,-0.010823,-0.013317,-0.154059,1.000000
-0.247185,0.785579,0.128740,0.988004,-0.011153,-0.012824,-0.153488,1.000000
-0.246288,0.785436,0.128485,0.988105,-0.011601,-0.012405,-0.152837,1.000000
-0.245361,0.785213,0.128173,0.988218,-0.012103,-0.012075,-0.152096,1.000000
-0.243784,0.785168,0.127769,0.988351,-0.013023,-0.011644,-0.151186,1.000000
-0.242520,0.785140,0.127274,0.988456,-0.013691,-0.011166,-0.150473,1.000000
-0.241279,0.785090,0.126923,0.988548,-0.014361,-0.010698,-0.149842,1.000000
-0.239808,0.785167,0.126667,0.988617,-0.015144,-0.010107,-0.149349,1.000000
-0.238006,0.785430,0.126610,0.988647,-0.016080,-0.009264,-0.149110,1.000000
-0.235820,0.785745,0.126655,0.988677,-0.017197,-0.008283,-0.148840,1.000000
-0.232637,0.786141,0.126537,0.988754,-0.018863,-0.006903,-0.148197,1.000000
-0.229602,0.786578,0.126470,0.988828,-0.020557,-0.005835,-0.147522,1.000000
-0.226589,0.786950,0.126320,0.988917,-0.022224,-0.004878,-0.146717,1.000000
-0.223621,0.787162,0.125992,0.989031,-0.023889,-0.004025,-0.145708,1.000000
-0.220658,0.787332,0.125621,0.989146,-0.025537,-0.003230,-0.144666,1.000000
-0.217785,0.787566,0.125382,0.989251,-0.027028,-0.002527,-0.143683,1.000000
-0.214282,0.787867,0.125132,0.989388,-0.028686,-0.001657,-0.142426,1.000000
-0.211283,0.788003,0.124918,0.989521,-0.029871,-0.000891,-0.141265,1.000000
-0.208872,0.788224,0.124912,0.989629,-0.030525,-0.000256,-0.140365,1.000000
-0.207192,0.788126,0.124803,0.989756,-0.030562,0.000220,-0.139456,1.000000
-0.205678,0.787983,0.124656,0.989880,-0.030449,0.000625,-0.138601,1.000000
-0.204145,0.787921,0.124581,0.989987,-0.030358,0.001002,-0.137855,1.000000
-0.202065,0.787731,0.124387,0.990133,-0.030376,0.001476,-0.136792,1.000000
-0.200243,0.787623,0.123996,0.990257,-0.030587,0.001834,-0.135839,1.000000
-0.198398,0.787560,0.123754,0.990359,-0.030926,0.002186,-0.135012,1.000000
-0.196580,0.787494,0.123675,0.990437,-0.031389,0.002529,-0.134323,1.000000
-0.194913,0.787489,0.123707,0.990498,-0.031895,0.002749,-0.133751,1.000000
-0.192794,0.787386,0.123694,0.990571,-0.032666,0.003058,-0.133015,1.000000
-0.190246,0.787375,0.123654,0.990633,-0.033674,0.003559,-0.132285,1.000000
-0.188778,0.787348,0.123777,0.990668,-0.034280,0.003867,-0.131862,1.000000
-0.187198,0.787166,0.123716,0.990732,-0.034898,0.004223,-0.131201,1.000000
-0.185219,0.787074,0.123680,0.990788,-0.035789,0.004738,-0.130520,1.000000
-0.183104,0.786937,0.123631,0.990841,-0.036808,0.005324,-0.129808,1.000000
-0.181457,0.786829,0.123639,0.990885,-0.037627,0.005774,-0.129220,1.000000
-0.179538,0.786625,0.123608,0.990937,-0.038574,0.006339,-0.128512,1.000000
-0.178490,0.786597,0.123661,0.990947,-0.039041,0.006679,-0.128280,1.000000
-0.177759,0.786500,0.123833,0.990953,-0.039295,0.006946,-0.128139,1.000000
-0.177154,0.786423,0.124159,0.990937,-0.039471,0.007248,-0.128194,1.000000
-0.176573,0.786358,0.124509,0.990917,-0.039509,0.007592,-0.128315,1.000000
-0.176252,0.786246,0.124975,0.990884,-0.039479,0.007863,-0.128566,1.000000
-0.176075,0.786333,0.125964,0.990787,-0.039473,0.008043,-0.129296,1.000000
-0.175948,0.786524,0.127013,0.990674,-0.039513,0.008089,-0.130143,1.000000
-0.175882,0.786843,0.128246,0.990535,-0.039544,0.008076,-0.131190,1.000000
-0.175905,0.787375,0.129759,0.990342,-0.039542,0.007967,-0.132647,1.000000
-0.175891,0.787961,0.131244,0.990132,-0.039569,0.007882,-0.134201,1.000000
-0.175686,0.788342,0.132334,0.989950,-0.039642,0.008051,-0.135509,1.000000
-0.175521,0.788689,0.133440,0.989773,-0.039659,0.008284,-0.136780,1.000000
-0.175099,0.788538,0.133265,0.989772,-0.039753,0.008828,-0.136725,1.000000
-0.174617,0.788167,0.132618,0.989836,-0.039840,0.009483,-0.136188,1.000000
-0.174176,0.787806,0.132007,0.989906,-0.039892,0.010161,-0.135612,1.000000
-0.173725,0.787431,0.131419,0.989971,-0.039998,0.010707,-0.135067,1.000000
-0.173485,0.787086,0.131210,0.989993,-0.040028,0.011104,-0.134861,1.000000
-0.173174,0.786326,0.130771,0.990050,-0.040068,0.011581,-0.134391,1.000000
-0.172839,0.785578,0.130485,0.990089,-0.040143,0.011957,-0.134050,1.000000
-0.172509,0.784549,0.130210,0.990125,-0.040212,0.012325,-0.133732,1.000000
-0.172116,0.783381,0.129743,0.990173,-0.040380,0.012580,-0.133298,1.000000
-0.171727,0.782173,0.129156,0.990228,-0.040549,0.012804,-0.132815,1.000000
-0.171506,0.780843,0.128462,0.990298,-0.040592,0.013022,-0.132262,1.000000
-0.171376,0.779021,0.127517,0.990401,-0.040577,0.013207,-0.131475,1.000000
-0.171234,0.777864,0.127067,0.990454,-0.040616,0.013318,-0.131052,1.000000
-0.171144,0.776794,0.126777,0.990498,-0.040639,0.013391,-0.130698,1.000000
-0.171123,0.775792,0.126613,0.990544,-0.040616,0.013421,-0.130354,1.000000
-0.171018,0.774718,0.126443,0.990601,-0.040638,0.013546,-0.129902,1.000000
-0.170801,0.773909,0.126573,0.990635,-0.040690,0.013785,-0.129605,1.000000
-0.170510,0.772987,0.126709,0.990687,-0.040732,0.014213,-0.129142,1.000000
-0.170154,0.772222,0.126755,0.990749,-0.040779,0.014712,-0.128594,1.000000
-0.169962,0.771575,0.126803,0.990824,-0.040767,0.015035,-0.127987,1.000000
-0.169803,0.770928,0.126977,0.990892,-0.040802,0.015252,-0.127421,1.000000
-0.169720,0.770134,0.127085,0.990978,-0.040788,0.015390,-0.126736,1.000000
-0.169662,0.769414,0.127123,0.991064,-0.040810,0.015477,-0.126044,1.000000
-0.169564,0.768360,0.127163,0.991168,-0.040759,0.015640,-0.125223,1.000000
-0.169485,0.767510,0.127333,0.991225,-0.040769,0.015824,-0.124740,1.000000
-0.169255,0.766704,0.127677,0.991259,-0.040818,0.016061,-0.124424,1.000000
-0.169023,0.765740,0.128022,0.991288,-0.040859,0.016328,-0.124146,1.000000
-0.168770,0.765100,0.128232,0.991314,-0.040979,0.016460,-0.123882,1.000000
-0.168488,0.764305,0.127898,0.991381,-0.041120,0.016599,-0.123274,1.000000
-0.168243,0.763037,0.127186,0.991503,-0.041212,0.016737,-0.122241,1.000000
-0.168228,0.762104,0.126315,0.991609,-0.041195,0.016746,-0.121382,1.000000
-0.168199,0.761154,0.125206,0.991721,-0.041211,0.016799,-0.120456,1.000000
-0.168200,0.760305,0.124159,0.991811,-0.041179,0.016804,-0.119723,1.000000
-0.168191,0.759597,0.123300,0.991871,-0.041203,0.016724,-0.119228,1.000000
-0.168230,0.758774,0.122335,0.991936,-0.041169,0.016710,-0.118698,1.000000
-0.168288,0.758161,0.121461,0.991970,-0.041139,0.016622,-0.118437,1.000000
-0.168464,0.758071,0.121180,0.991945,-0.041106,0.016371,-0.118691,1.000000
-0.168573,0.757979,0.120821,0.991927,-0.041125,0.016135,-0.118868,1.000000
-0.168756,0.757907,0.120239,0.991925,-0.041078,0.015913,-0.118933,1.000000
-0.168783,0.757774,0.119416,0.991948,-0.041065,0.015846,-0.118750,1.000000
-0.168834,0.757745,0.118646,0.991979,-0.041044,0.015824,-0.118500,1.000000
-0.168816,0.757848,0.117757,0.992012,-0.041066,0.015821,-0.118220,1.000000
-0.168843,0.757820,0.117060,0.992053,-0.041023,0.015833,-0.117888,1.000000
-0.168877,0.757893,0.116508,0.992072,-0.041073,0.015790,-0.117715,1.000000
-0.168814,0.757881,0.115982,0.992094,-0.041131,0.015828,-0.117503,1.000000
-0.168903,0.757884,0.115765,0.992102,-0.041145,0.015796,-0.117438,1.000000
-0.168689,0.757989,0.115670,0.992090,-0.041297,0.015781,-0.117488,1.000000
-0.168408,0.758086,0.115635,0.992075,-0.041496,0.015808,-0.117540,1.000000
-0.168327,0.758132,0.115536,0.992079,-0.041554,0.015817,-0.117486,1.000000
-0.168319,0.758128,0.115276,0.992094,-0.041583,0.015786,-0.117347,1.000000
-0.168344,0.758155,0.114789,0.992120,-0.041641,0.015769,-0.117115,1.000000
-0.168299,0.758353,0.114453,0.992115,-0.041725,0.015772,-0.117123,1.000000
-0.167949,0.758783,0.114257,0.992063,-0.042090,0.015731,-0.117441,1.000000
-0.167518,0.759136,0.113991,0.992024,-0.042482,0.015751,-0.117624,1.000000
-0.166979,0.759518,0.113799,0.991973,-0.042970,0.015783,-0.117872,1.000000
-0.166348,0.759869,0.113614,0.991928,-0.043455,0.015854,-0.118067,1.000000
-0.165480,0.760080,0.113266,0.991904,-0.044029,0.016047,-0.118027,1.000000
-0.164363,0.760472,0.112967,0.991872,-0.044753,0.016217,-0.118005,1.000000
-0.162966,0.760927,0.112436,0.991845,-0.045653,0.016378,-0.117863,1.000000
-0.161788,0.761415,0.112107,0.991796,-0.046435,0.016517,-0.117945,1.000000
-0.160753,0.761974,0.112095,0.991722,-0.047091,0.016637,-0.118295,1.000000
-0.159732,0.762566,0.112064,0.991636,-0.047775,0.016764,-0.118724,1.000000
-0.158607,0.763150,0.112089,0.991543,-0.048446,0.017042,-0.119185,1.000000
-0.157498,0.763640,0.112004,0.991470,-0.049095,0.017319,-0.119484,1.000000
-0.156191,0.764183,0.111725,0.991407,-0.049868,0.017626,-0.119645,1.000000
-0.155186,0.764521,0.111355,0.991379,-0.050447,0.017785,-0.119614,1.000000
-0.154320,0.764853,0.111070,0.991350,-0.050911,0.018003,-0.119625,1.000000
-0.153564,0.765057,0.110606,0.991346,-0.051253,0.018180,-0.119484,1.000000
-0.153067,0.765233,0.110172,0.991353,-0.051473,0.018316,-0.119310,1.000000
-0.152830,0.765299,0.109827,0.991371,-0.051566,0.018363,-0.119111,1.000000
-0.152687,0.765315,0.109636,0.991381,-0.051615,0.018418,-0.118998,1.000000
-0.152680,0.765294,0.109609,0.991384,-0.051606,0.018443,-0.118976,1.000000
-0.152580,0.765301,0.109604,0.991381,-0.051602,0.018469,-0.118998,1.000000
-0.152592,0.765124,0.109424,0.991398,-0.051581,0.018472,-0.118861,1.000000
-0.152533,0.764750,0.109022,0.991430,-0.051585,0.018522,-0.118589,1.000000
-0.152532,0.764323,0.108521,0.991472,-0.051551,0.018566,-0.118245,1.000000
-0.152405,0.763821,0.107834,0.991521,-0.051525,0.018753,-0.117813,1.000000
-0.152335,0.763554,0.107354,0.991542,-0.051540,0.018827,-0.117620,1.000000
-0.152328,0.763404,0.107013,0.991547,-0.051538,0.018874,-0.117570,1.000000
-0.152274,0.763186,0.106661,0.991562,-0.051562,0.018909,-0.117422,1.000000
-0.152265,0.763030,0.106420,0.991578,-0.051531,0.018931,-0.117304,1.000000
-0.152217,0.762883,0.106106,0.991598,-0.051561,0.018934,-0.117113,1.000000
-0.152225,0.762788,0.105835,0.991620,-0.051568,0.018932,-0.116928,1.000000
-0.152190,0.762750,0.105793,0.991621,-0.051565,0.018960,-0.116917,1.000000
-0.152204,0.762666,0.105639,0.991633,-0.051546,0.018971,-0.116822,1.000000
-0.152193,0.762549,0.105510,0.991643,-0.051566,0.018964,-0.116727,1.000000
-0.152237,0.762483,0.105414,0.991652,-0.051539,0.018942,-0.116666,1.000000
-0.152299,0.762285,0.105148,0.991678,-0.051538,0.018825,-0.116469,1.000000
-0.152415,0.762102,0.104935,0.991700,-0.051497,0.018701,-0.116314,1.000000
-0.152499,0.761936,0.104780,0.991718,-0.051443,0.018674,-0.116194,1.000000
-0.152796,0.761687,0.104560,0.991746,-0.051280,0.018614,-0.116035,1.000000
-0.153135,0.761458,0.104360,0.991778,-0.050976,0.018567,-0.115898,1.000000
-0.153450,0.761237,0.104111,0.991808,-0.050680,0.018446,-0.115797,1.000000
-0.153646,0.760819,0.103713,0.991850,-0.050433,0.018366,-0.115553,1.000000
-0.153686,0.760401,0.103220,0.991890,-0.050362,0.018341,-0.115246,1.000000
-0.153764,0.760106,0.102917,0.991915,-0.050230,0.018321,-0.115089,1.000000
-0.153813,0.759796,0.102582,0.991934,-0.050125,0.018266,-0.114983,1.000000
-0.154006,0.759590,0.102301,0.991955,-0.049874,0.018171,-0.114928,1.000000
-0.154347,0.759448,0.102209,0.991965,-0.049533,0.018080,-0.114996,1.000000
-0.154665,0.759240,0.102075,0.991993,-0.049120,0.018012,-0.114943,1.000000
-0.154739,0.759192,0.102041,0.992002,-0.048922,0.018012,-0.114952,1.000000
-0.154766,0.759150,0.102059,0.992005,-0.048869,0.018014,-0.114952,1.000000
-0.154785,0.759165,0.102185,0.991990,-0.048818,0.018009,-0.115099,1.000000
-0.154798,0.759209,0.102291,0.991973,-0.048785,0.018045,-0.115257,1.000000
-0.154804,0.759179,0.102273,0.991971,-0.048752,0.018063,-0.115288,1.000000
-0.154818,0.759031,0.102151,0.991981,-0.048746,0.018033,-0.115208,1.000000
-0.154900,0.758673,0.101650,0.992025,-0.048671,0.018021,-0.114857,1.000000
-0.154908,0.758488,0.101284,0.992054,-0.048678,0.017984,-0.114610,1.000000
-0.154910,0.758423,0.101201,0.992056,-0.048651,0.018009,-0.114600,1.000000
-0.154953,0.758329,0.101050,0.992054,-0.048638,0.017992,-0.114623,1.000000
-0.154957,0.758321,0.100971,0.992040,-0.048634,0.017979,-0.114754,1.000000
-0.154970,0.758338,0.101005,0.992012,-0.048607,0.017950,-0.115008,1.000000
-0.154952,0.758246,0.101015,0.991976,-0.048620,0.017945,-0.115319,1.000000
-0.154951,0.758164,0.101021,0.991943,-0.048626,0.017929,-0.115599,1.000000
-0.154984,0.758055,0.100864,0.991923,-0.048619,0.017882,-0.115781,1.000000
-0.155070,0.757832,0.100490,0.991930,-0.048601,0.017781,-0.115741,1.000000
-0.155177,0.757618,0.100092,0.991941,-0.048584,0.017590,-0.115689,1.000000
-0.155315,0.757419,0.099687,0.991958,-0.048536,0.017446,-0.115582,1.000000
-0.155427,0.757323,0.099213,0.991961,-0.048531,0.017245,-0.115589,1.000000
-0.155466,0.757274,0.098884,0.991954,-0.048542,0.017169,-0.115652,1.000000
-0.155473,0.757304,0.098679,0.991941,-0.048564,0.017127,-0.115764,1.000000
-0.155590,0.757318,0.098463,0.991934,-0.048520,0.016979,-0.115864,1.000000
-0.155784,0.757404,0.098213,0.991924,-0.048492,0.016690,-0.116004,1.000000
-0.155947,0.757571,0.098123,0.991902,-0.048471,0.016456,-0.116232,1.000000
-0.156089,0.757893,0.098136,0.991858,-0.048442,0.016220,-0.116649,1.000000
-0.156109,0.758122,0.098164,0.991820,-0.048464,0.016137,-0.116979,1.000000
-0.156282,0.758333,0.098079,0.991792,-0.048411,0.015972,-0.117258,1.000000
-0.156340,0.758581,0.098096,0.991754,-0.048411,0.015847,-0.117598,1.000000
-0.156371,0.758805,0.098164,0.991711,-0.048413,0.015784,-0.117971,1.000000
-0.156350,0.759050,0.098288,0.991667,-0.048425,0.015771,-0.118334,1.000000
-0.156382,0.759267,0.098375,0.991629,-0.048427,0.015722,-0.118654,1.000000
-0.156363,0.759395,0.098351,0.991613,-0.048433,0.015695,-0.118795,1.000000
-0.156402,0.759385,0.098112,0.991628,-0.048416,0.015670,-0.118675,1.000000
-0.156527,0.759473,0.097774,0.991645,-0.048372,0.015571,-0.118564,1.000000
-0.156562,0.759561,0.097459,0.991657,-0.048412,0.015426,-0.118466,1.000000
-0.156679,0.759699,0.097310,0.991654,-0.048388,0.015256,-0.118524,1.000000
-0.156770,0.759842,0.096893,0.991665,-0.048377,0.015118,-0.118457,1.000000
-0.156747,0.759855,0.096560,0.991671,-0.048400,0.015127,-0.118392,1.000000
-0.156681,0.759959,0.096328,0.991666,-0.048449,0.015087,-0.118425,1.000000
-0.156469,0.760044,0.096043,0.991666,-0.048574,0.015124,-0.118365,1.000000
-0.156402,0.760033,0.095693,0.991681,-0.048633,0.015104,-0.118214,1.000000
-0.156200,0.759948,0.095353,0.991695,-0.048766,0.015118,-0.118040,1.000000
-0.155924,0.759958,0.095059,0.991690,-0.048958,0.015058,-0.118014,1.000000
-0.155858,0.760077,0.095083,0.991664,-0.049052,0.014966,-0.118205,1.000000
-0.155971,0.760306,0.095236,0.991627,-0.049015,0.014837,-0.118551,1.000000
-0.155909,0.760452,0.095281,0.991598,-0.049051,0.014852,-0.118772,1.000000
-0.155876,0.760605,0.095339,0.991570,-0.049087,0.014813,-0.118996,1.000000
-0.155889,0.760766,0.095394,0.991542,-0.049093,0.014771,-0.119232,1.000000
-0.155880,0.760825,0.095255,0.991530,-0.049089,0.014767,-0.119334,1.000000
-0.155870,0.760794,0.094941,0.991537,-0.049110,0.014759,-0.119268,1.000000
-0.155835,0.760815,0.094684,0.991537,-0.049123,0.014774,-0.119257,1.000000
-0.155833,0.760772,0.094356,0.991541,-0.049120,0.014755,-0.119232,1.000000
-0.155809,0.760641,0.094000,0.991552,-0.049143,0.014767,-0.119126,1.000000
-0.155835,0.760588,0.093597,0.991565,-0.049115,0.014749,-0.119036,1.000000
-0.155726,0.760565,0.093065,0.991576,-0.049214,0.014664,-0.118911,1.000000
-0.155472,0.760686,0.092776,0.991564,-0.049399,0.014642,-0.118936,1.000000
-0.155326,0.760778,0.092503,0.991543,-0.049544,0.014641,-0.119056,1.000000
-0.155328,0.760770,0.092317,0.991520,-0.049591,0.014599,-0.119227,1.000000
-0.155388,0.760989,0.092399,0.991468,-0.049603,0.014511,-0.119665,1.000000
-0.155330,0.761071,0.092350,0.991426,-0.049679,0.014499,-0.119987,1.000000
-0.155325,0.761034,0.092116,0.991403,-0.049695,0.014494,-0.120166,1.000000
-0.155324,0.761162,0.092135,0.991363,-0.049734,0.014461,-0.120482,1.000000
-0.155315,0.761276,0.092104,0.991337,-0.049765,0.014437,-0.120690,1.000000
-0.155402,0.761376,0.092044,0.991324,-0.049759,0.014304,-0.120814,1.000000
-0.155455,0.761421,0.091982,0.991325,-0.049742,0.014216,-0.120828,1.000000
-0.155474,0.761330,0.091829,0.991332,-0.049779,0.014186,-0.120755,1.000000
-0.155499,0.761375,0.091842,0.991323,-0.049872,0.014146,-0.120798,1.000000
-0.155488,0.761339,0.091735,0.991330,-0.049886,0.014129,-0.120731,1.000000
-0.155516,0.761337,0.091681,0.991328,-0.049857,0.014126,-0.120761,1.000000
-0.155484,0.761406,0.091721,0.991313,-0.049870,0.014118,-0.120885,1.000000
-0.155522,0.761448,0.091751,0.991303,-0.049855,0.014071,-0.120972,1.000000
-0.155512,0.761607,0.091895,0.991272,-0.049891,0.014033,-0.121220,1.000000
-0.155531,0.761728,0.092002,0.991234,-0.049909,0.014022,-0.121525,1.000000
-0.155559,0.761752,0.092016,0.991213,-0.049984,0.014012,-0.121664,1.000000
-0.155548,0.761734,0.091918,0.991211,-0.050073,0.014004,-0.121648,1.000000
-0.155517,0.761759,0.091809,0.991210,-0.050156,0.013957,-0.121622,1.000000
-0.155444,0.761761,0.091692,0.991216,-0.050225,0.013964,-0.121545,1.000000
-0.155151,0.761795,0.091583,0.991215,-0.050413,0.013981,-0.121476,1.000000
-0.154566,0.761870,0.091521,0.991192,-0.050800,0.014025,-0.121495,1.000000
-0.154250,0.761917,0.091424,0.991181,-0.050990,0.014046,-0.121503,1.000000
-0.153778,0.762108,0.091464,0.991144,-0.051311,0.014057,-0.121670,1.000000
-0.153277,0.762268,0.091463,0.991118,-0.051640,0.014104,-0.121732,1.000000
-0.152834,0.762320,0.091327,0.991111,-0.051925,0.014148,-0.121669,1.000000
-0.152128,0.762361,0.091125,0.991103,-0.052376,0.014180,-0.121536,1.000000
-0.151281,0.762317,0.090801,0.991108,-0.052768,0.014300,-0.121307,1.000000
-0.150540,0.762192,0.090517,0.991116,-0.053082,0.014357,-0.121099,1.000000
-0.149733,0.762112,0.090255,0.991116,-0.053532,0.014446,-0.120889,1.000000
-0.149002,0.762088,0.090051,0.991102,-0.053992,0.014499,-0.120792,1.000000
-0.148560,0.762021,0.089836,0.991097,-0.054267,0.014556,-0.120706,1.000000
-0.148300,0.761897,0.089637,0.991096,-0.054443,0.014574,-0.120632,1.000000
-0.148111,0.761975,0.089609,0.991073,-0.054580,0.014565,-0.120760,1.000000
-0.148064,0.761928,0.089533,0.991074,-0.054540,0.014593,-0.120765,1.000000
-0.148072,0.761779,0.089398,0.991085,-0.054537,0.014585,-0.120682,1.000000
-0.148009,0.761758,0.089462,0.991076,-0.054568,0.014589,-0.120735,1.000000
-0.147920,0.761787,0.089600,0.991062,-0.054609,0.014626,-0.120831,1.000000
-0.147981,0.761765,0.089798,0.991048,-0.054572,0.014630,-0.120963,1.000000
-0.147961,0.761754,0.090041,0.991029,-0.054548,0.014607,-0.121132,1.000000
-0.147900,0.761656,0.090093,0.991023,-0.054586,0.014632,-0.121163,1.000000
-0.147898,0.761544,0.090111,0.991023,-0.054595,0.014610,-0.121161,1.000000
-0.147858,0.761511,0.090127,0.991019,-0.054614,0.014618,-0.121179,1.000000
-0.147834,0.761454,0.090119,0.991021,-0.054637,0.014615,-0.121155,1.000000
-0.147839,0.761453,0.090131,0.991021,-0.054632,0.014620,-0.121155,1.000000
-0.147800,0.761291,0.090004,0.991040,-0.054648,0.014638,-0.120995,1.000000
-0.147854,0.761141,0.089886,0.991056,-0.054602,0.014619,-0.120887,1.000000
-0.147838,0.760926,0.089750,0.991071,-0.054603,0.014649,-0.120757,1.000000
-0.147859,0.760682,0.089610,0.991095,-0.054607,0.014617,-0.120559,1.000000
-0.148020,0.760532,0.089606,0.991110,-0.054535,0.014562,-0.120475,1.000000
-0.148407,0.760305,0.089522,0.991144,-0.054287,0.014523,-0.120311,1.000000
-0.148868,0.760066,0.089587,0.991169,-0.053978,0.014447,-0.120258,1.000000
-0.149025,0.759859,0.089577,0.991181,-0.053906,0.014397,-0.120193,1.000000
-0.149096,0.759802,0.089788,0.991172,-0.053872,0.014293,-0.120300,1.000000
-0.149199,0.759790,0.090001,0.991159,-0.053847,0.014198,-0.120428,1.000000
-0.149242,0.759759,0.090032,0.991158,-0.053837,0.014159,-0.120444,1.000000
-0.149429,0.759663,0.089989,0.991170,-0.053740,0.014090,-0.120401,1.000000
-0.149801,0.759592,0.090063,0.991179,-0.053495,0.014048,-0.120439,1.000000
-0.149982,0.759553,0.090219,0.991173,-0.053381,0.014006,-0.120540,1.000000
-0.150092,0.759553,0.090331,0.991169,-0.053312,0.013956,-0.120610,1.000000
-0.150155,0.759548,0.090327,0.991171,-0.053315,0.013876,-0.120601,1.000000
-0.150314,0.759426,0.090263,0.991190,-0.053273,0.013690,-0.120485,1.000000
-0.150407,0.759431,0.090260,0.991196,-0.053254,0.013582,-0.120456,1.000000
-0.150524,0.759381,0.090290,0.991212,-0.053177,0.013447,-0.120377,1.000000
-0.150677,0.759314,0.090300,0.991229,-0.053002,0.013296,-0.120327,1.000000
-0.150704,0.759283,0.090230,0.991247,-0.052794,0.013277,-0.120273,1.000000
-0.150711,0.759130,0.090098,0.991277,-0.052512,0.013310,-0.120144,1.000000
-0.150802,0.758931,0.089919,0.991312,-0.052167,0.013302,-0.120007,1.000000
-0.150845,0.758801,0.089764,0.991341,-0.051913,0.013267,-0.119887,1.000000
-0.150991,0.758842,0.089791,0.991351,-0.051578,0.013119,-0.119964,1.000000
-0.151127,0.758840,0.089775,0.991362,-0.051453,0.012925,-0.119941,1.000000
-0.151216,0.758793,0.089752,0.991370,-0.051399,0.012778,-0.119916,1.000000
-0.151326,0.758794,0.089739,0.991372,-0.051367,0.012656,-0.119928,1.000000
-0.151444,0.758835,0.089765,0.991374,-0.051346,0.012472,-0.119944,1.000000
-0.151595,0.758726,0.089677,0.991388,-0.051287,0.012287,-0.119869,1.000000
-0.151743,0.758594,0.089504,0.991412,-0.051134,0.012072,-0.119762,1.000000
-0.151865,0.758619,0.089532,0.991417,-0.050943,0.011928,-0.119812,1.000000
-0.152069,0.758578,0.089464,0.991431,-0.050684,0.011662,-0.119831,1.000000
-0.152215,0.758451,0.089315,0.991459,-0.050409,0.011537,-0.119727,1.000000
-0.152259,0.758334,0.089157,0.991482,-0.050156,0.011451,-0.119652,1.000000
-0.152417,0.758228,0.089036,0.991501,-0.049859,0.011285,-0.119634,1.000000
-0.152511,0.758153,0.088904,0.991508,-0.049603,0.011190,-0.119692,1.000000
-0.152522,0.758189,0.088908,0.991503,-0.049461,0.011152,-0.119794,1.000000
-0.152597,0.758116,0.088785,0.991514,-0.049359,0.011057,-0.119759,1.000000
-0.152663,0.758108,0.088765,0.991509,-0.049353,0.010948,-0.119814,1.000000
-0.152753,0.758124,0.088755,0.991504,-0.049303,0.010867,-0.119876,1.000000
-0.152873,0.758130,0.088728,0.991497,-0.049261,0.010703,-0.119970,1.000000
-0.153028,0.758196,0.088719,0.991479,-0.049228,0.010448,-0.120155,1.000000
-0.153168,0.758148,0.088580,0.991476,-0.049186,0.010234,-0.120217,1.000000
-0.153272,0.758161,0.088540,0.991454,-0.049189,0.010036,-0.120411,1.000000
-0.153444,0.758110,0.088438,0.991440,-0.049132,0.009831,-0.120563,1.000000
-0.153519,0.758180,0.088438,0.991407,-0.049104,0.009663,-0.120866,1.000000
-0.153640,0.758273,0.088456,0.991362,-0.049060,0.009495,-0.121263,1.000000
-0.153796,0.758388,0.088373,0.991313,-0.048971,0.009294,-0.121713,1.000000
-0.153891,0.758496,0.088372,0.991272,-0.048946,0.009141,-0.122064,1.000000
-0.153944,0.758615,0.088347,0.991237,-0.048957,0.009000,-0.122357,1.000000
-0.153997,0.758652,0.088305,0.991207,-0.048921,0.008962,-0.122618,1.000000
-0.154019,0.758847,0.088329,0.991166,-0.048939,0.008876,-0.122947,1.000000
-0.154152,0.758971,0.088317,0.991137,-0.048909,0.008696,-0.123208,1.000000
-0.154311,0.758979,0.088226,0.991112,-0.048914,0.008369,-0.123426,1.000000
-0.154462,0.758979,0.088125,0.991097,-0.048889,0.008191,-0.123568,1.000000
-0.154649,0.759024,0.088088,0.991072,-0.048814,0.007986,-0.123816,1.000000
-0.154689,0.759024,0.087998,0.991049,-0.048835,0.007845,-0.124000,1.000000
-0.154799,0.758940,0.087822,0.991038,-0.048809,0.007718,-0.124102,1.000000
-0.154890,0.758867,0.087707,0.991023,-0.048796,0.007591,-0.124240,1.000000
-0.154947,0.758811,0.087597,0.990994,-0.048784,0.007475,-0.124479,1.000000
-0.155007,0.758758,0.087462,0.990974,-0.048791,0.007366,-0.124643,1.000000
-0.155020,0.758744,0.087347,0.990956,-0.048784,0.007342,-0.124790,1.000000
-0.155030,0.758711,0.087250,0.990939,-0.048786,0.007296,-0.124926,1.000000
-0.155023,0.758681,0.087155,0.990923,-0.048793,0.007252,-0.125054,1.000000
-0.154943,0.758815,0.087190,0.990892,-0.048912,0.007096,-0.125261,1.000000
-0.154889,0.758932,0.087214,0.990868,-0.048960,0.007043,-0.125436,1.000000
-0.154680,0.759005,0.087142,0.990852,-0.049132,0.007005,-0.125493,1.000000
-0.154454,0.759138,0.087134,0.990837,-0.049276,0.006983,-0.125561,1.000000
-0.154278,0.759085,0.086818,0.990857,-0.049372,0.007025,-0.125359,1.000000
-0.154221,0.759062,0.086650,0.990866,-0.049487,0.007004,-0.125246,1.000000
-0.154164,0.759014,0.086492,0.990880,-0.049549,0.007039,-0.125111,1.000000
-0.154060,0.758860,0.086135,0.990909,-0.049633,0.007122,-0.124841,1.000000
-0.154020,0.758757,0.085976,0.990925,-0.049639,0.007139,-0.124710,1.000000
-0.154016,0.758576,0.085785,0.990944,-0.049709,0.007145,-0.124533,1.000000
-0.153993,0.758233,0.085418,0.990985,-0.049717,0.007147,-0.124205,1.000000
-0.153951,0.758113,0.085306,0.990986,-0.049711,0.007198,-0.124189,1.000000
-0.153987,0.757885,0.085099,0.990999,-0.049691,0.007188,-0.124100,1.000000
-0.153971,0.757625,0.085019,0.991000,-0.049728,0.007198,-0.124077,1.000000
-0.153932,0.757447,0.084917,0.991006,-0.049790,0.007227,-0.124001,1.000000
-0.153958,0.757386,0.085008,0.990997,-0.049807,0.007207,-0.124066,1.000000
-0.153929,0.757266,0.084985,0.990999,-0.049822,0.007238,-0.124044,1.000000
-0.153871,0.757196,0.084931,0.991003,-0.049860,0.007261,-0.123997,1.000000
-0.153797,0.757233,0.085007,0.990992,-0.049923,0.007241,-0.124055,1.000000
-0.153512,0.757234,0.084943,0.990985,-0.050119,0.007269,-0.124030,1.000000
-0.153210,0.757290,0.084978,0.990972,-0.050348,0.007268,-0.124045,1.000000
-0.152956,0.757348,0.085004,0.990960,-0.050528,0.007297,-0.124062,1.000000
-0.152537,0.757403,0.084987,0.990948,-0.050771,0.007373,-0.124056,1.000000
-0.152060,0.757477,0.084977,0.990939,-0.050983,0.007587,-0.124026,1.000000
-0.151379,0.757499,0.084895,0.990927,-0.051333,0.007882,-0.123963,1.000000
-0.150075,0.757739,0.085002,0.990878,-0.052037,0.008461,-0.124020,1.000000
-0.148835,0.757906,0.084995,0.990857,-0.052726,0.008863,-0.123872,1.000000
-0.147404,0.758256,0.085197,0.990810,-0.053545,0.009247,-0.123863,1.000000
-0.146001,0.758459,0.085248,0.990778,-0.054345,0.009552,-0.123749,1.000000
-0.144890,0.758734,0.085430,0.990729,-0.054997,0.009766,-0.123837,1.000000
-0.144199,0.758825,0.085436,0.990703,-0.055431,0.009872,-0.123846,1.000000
-0.143550,0.758929,0.085447,0.990671,-0.055826,0.009942,-0.123920,1.000000
-0.143202,0.758935,0.085410,0.990659,-0.056032,0.010048,-0.123915,1.000000
-0.143116,0.758843,0.085332,0.990662,-0.056048,0.010094,-0.123874,1.000000
-0.143220,0.758791,0.085392,0.990663,-0.055942,0.010132,-0.123913,1.000000
-0.143179,0.758707,0.085339,0.990671,-0.055913,0.010247,-0.123857,1.000000
-0.143144,0.758661,0.085335,0.990672,-0.055878,0.010305,-0.123858,1.000000
-0.143233,0.758638,0.085506,0.990660,-0.055803,0.010343,-0.123980,1.000000
-0.143366,0.758562,0.085590,0.990658,-0.055709,0.010385,-0.124037,1.000000
-0.143454,0.758323,0.085585,0.990669,-0.055614,0.010477,-0.123988,1.000000
-0.143441,0.758102,0.085614,0.990673,-0.055585,0.010575,-0.123956,1.000000
-0.143426,0.757979,0.085595,0.990676,-0.055615,0.010587,-0.123915,1.000000
-0.143483,0.757817,0.085615,0.990678,-0.055552,0.010596,-0.123934,1.000000
-0.143451,0.757509,0.085400,0.990694,-0.055567,0.010594,-0.123796,1.000000
-0.143529,0.757281,0.085164,0.990704,-0.055516,0.010613,-0.123739,1.000000
-0.143720,0.756950,0.084844,0.990722,-0.055398,0.010616,-0.123646,1.000000
-0.143998,0.756579,0.084548,0.990748,-0.055202,0.010612,-0.123523,1.000000
-0.144262,0.756211,0.084298,0.990778,-0.055044,0.010623,-0.123355,1.000000
-0.144676,0.756007,0.084216,0.990801,-0.054729,0.010640,-0.123305,1.000000
-0.145248,0.755628,0.083814,0.990848,-0.054346,0.010641,-0.123098,1.000000
-0.145844,0.755467,0.083750,0.990862,-0.053948,0.010677,-0.123160,1.000000
-0.146425,0.755416,0.083720,0.990869,-0.053555,0.010659,-0.123273,1.000000
-0.147137,0.755330,0.083687,0.990882,-0.053105,0.010552,-0.123372,1.000000
-0.147636,0.755179,0.083497,0.990910,-0.052771,0.010515,-0.123298,1.000000
-0.147950,0.755210,0.083449,0.990913,-0.052573,0.010464,-0.123365,1.000000
-0.148352,0.755164,0.083396,0.990914,-0.052318,0.010420,-0.123468,1.000000
-0.148677,0.755139,0.083414,0.990919,-0.052109,0.010380,-0.123518,1.000000
-0.148764,0.755151,0.083382,0.990919,-0.052074,0.010327,-0.123534,1.000000
-0.148836,0.755195,0.083354,0.990921,-0.052024,0.010262,-0.123544,1.000000
-0.149046,0.755180,0.083324,0.990929,-0.051984,0.010019,-0.123517,1.000000
-0.149064,0.755200,0.083244,0.990932,-0.051971,0.010018,-0.123499,1.000000
-0.149127,0.755151,0.083004,0.990952,-0.051976,0.010015,-0.123340,1.000000
-0.149135,0.755178,0.082801,0.990963,-0.052009,0.010003,-0.123239,1.000000
-0.149098,0.755236,0.082577,0.990968,-0.052086,0.010003,-0.123162,1.000000
-0.149149,0.755267,0.082245,0.990989,-0.052033,0.010024,-0.123015,1.000000
-0.149243,0.755294,0.081878,0.991011,-0.052001,0.010014,-0.122850,1.000000
-0.149248,0.755283,0.081374,0.991052,-0.051981,0.010035,-0.122529,1.000000
-0.149199,0.755241,0.080699,0.991101,-0.052026,0.010072,-0.122109,1.000000
-0.149283,0.755245,0.080321,0.991132,-0.051979,0.010048,-0.121876,1.000000
-0.149283,0.755244,0.079948,0.991161,-0.051995,0.010057,-0.121634,1.000000
-0.149314,0.755244,0.079549,0.991184,-0.052094,0.010055,-0.121404,1.000000
-0.149313,0.755231,0.079171,0.991210,-0.052169,0.010057,-0.121162,1.000000
-0.149312,0.755254,0.078915,0.991232,-0.052234,0.010069,-0.120955,1.000000
-0.149325,0.755258,0.078833,0.991249,-0.052256,0.010065,-0.120807,1.000000
-0.149307,0.755250,0.078785,0.991270,-0.052278,0.010074,-0.120622,1.000000
-0.149319,0.755245,0.078827,0.991288,-0.052286,0.010061,-0.120473,1.000000
-0.149339,0.755150,0.078762,0.991318,-0.052244,0.010084,-0.120241,1.000000
-0.149307,0.755057,0.078663,0.991347,-0.052311,0.010077,-0.119973,1.000000
-0.149295,0.755009,0.078641,0.991374,-0.052322,0.010104,-0.119741,1.000000
-0.149317,0.754935,0.078503,0.991414,-0.052325,0.010110,-0.119408,1.000000
-0.149349,0.754971,0.078473,0.991435,-0.052282,0.010122,-0.119253,1.000000
-0.149356,0.754996,0.078419,0.991454,-0.052290,0.010106,-0.119092,1.000000
-0.149325,0.754997,0.078322,0.991480,-0.052300,0.010125,-0.118872,1.000000
-0.149340,0.755045,0.078252,0.991498,-0.052332,0.010153,-0.118701,1.000000
-0.149331,0.755175,0.078200,0.991507,-0.052338,0.010168,-0.118618,1.000000
-0.149324,0.755234,0.078056,0.991537,-0.052352,0.010163,-0.118362,1.000000
-0.149346,0.755326,0.077951,0.991559,-0.052326,0.010164,-0.118195,1.000000
-0.149318,0.755437,0.077691,0.991583,-0.052365,0.010174,-0.117970,1.000000
-0.149340,0.755572,0.077476,0.991603,-0.052329,0.010187,-0.117821,1.000000
-0.149369,0.755735,0.077283,0.991618,-0.052320,0.010172,-0.117702,1.000000
-0.149346,0.755876,0.077035,0.991635,-0.052331,0.010186,-0.117548,1.000000
-0.149336,0.755868,0.076446,0.991678,-0.052387,0.010199,-0.117157,1.000000
-0.149303,0.755963,0.076154,0.991692,-0.052511,0.010202,-0.116986,1.000000
-0.149303,0.755968,0.075983,0.991706,-0.052563,0.010202,-0.116844,1.000000
-0.149285,0.756025,0.075824,0.991714,-0.052678,0.010229,-0.116722,1.000000
-0.149286,0.756101,0.075688,0.991719,-0.052883,0.010195,-0.116587,1.000000
-0.149307,0.756151,0.075631,0.991722,-0.053033,0.010194,-0.116495,1.000000
-0.149470,0.756136,0.075603,0.991735,-0.053154,0.010195,-0.116328,1.000000
-0.149599,0.756094,0.075642,0.991746,-0.053279,0.010233,-0.116174,1.000000
-0.149663,0.756102,0.075666,0.991759,-0.053461,0.010254,-0.115977,1.000000
-0.149627,0.756121,0.075711,0.991768,-0.053762,0.010278,-0.115756,1.000000
-0.149729,0.756133,0.075712,0.991789,-0.053969,0.010267,-0.115480,1.000000
-0.149925,0.756129,0.075703,0.991815,-0.054187,0.010238,-0.115159,1.000000
-0.150177,0.756044,0.075589,0.991861,-0.054486,0.010246,-0.114622,1.000000
-0.150174,0.756003,0.075467,0.991906,-0.054772,0.010239,-0.114095,1.000000
-0.150205,0.755943,0.075382,0.991956,-0.055013,0.010261,-0.113540,1.000000
-0.150252,0.755882,0.075312,0.992008,-0.055237,0.010239,-0.112976,1.000000
-0.150242,0.755861,0.075256,0.992061,-0.055435,0.010257,-0.112413,1.000000
-0.150303,0.755799,0.075253,0.992112,-0.055542,0.010250,-0.111909,1.000000
-0.150323,0.755785,0.075361,0.992153,-0.055733,0.010243,-0.111452,1.000000
-0.150334,0.755814,0.075418,0.992181,-0.055938,0.010241,-0.111097,1.000000
-0.150314,0.755784,0.075484,0.992204,-0.056131,0.010238,-0.110795,1.000000
-0.150329,0.755860,0.075550,0.992222,-0.056325,0.010227,-0.110535,1.000000
-0.150309,0.755975,0.075534,0.992237,-0.056537,0.010219,-0.110293,1.000000
-0.150339,0.756027,0.075409,0.992263,-0.056630,0.010223,-0.110015,1.000000
-0.150395,0.756215,0.075242,0.992295,-0.056746,0.010225,-0.109666,1.000000
-0.150382,0.756384,0.075031,0.992311,-0.056951,0.010207,-0.109412,1.000000
-0.150428,0.756276,0.074369,0.992370,-0.057137,0.010185,-0.108783,1.000000
-0.150396,0.756090,0.073584,0.992433,-0.057412,0.010213,-0.108061,1.000000
-0.150417,0.756056,0.073139,0.992468,-0.057670,0.010222,-0.107595,1.000000
-0.150636,0.756084,0.072773,0.992504,-0.057739,0.010209,-0.107225,1.000000
-0.150882,0.756033,0.072344,0.992547,-0.057884,0.010189,-0.106754,1.000000
-0.150912,0.756038,0.072001,0.992577,-0.058077,0.010190,-0.106371,1.000000
-0.150974,0.756076,0.071712,0.992604,-0.058229,0.010193,-0.106035,1.000000
-0.151085,0.756155,0.071507,0.992623,-0.058364,0.010183,-0.105776,1.000000
-0.151329,0.756268,0.071362,0.992643,-0.058378,0.010190,-0.105586,1.000000
-0.151485,0.756386,0.071176,0.992660,-0.058501,0.010173,-0.105358,1.000000
-0.151559,0.756570,0.070985,0.992676,-0.058723,0.010149,-0.105088,1.000000
-0.151583,0.756709,0.070833,0.992687,-0.058895,0.010149,-0.104888,1.000000
-0.151771,0.756834,0.070724,0.992704,-0.058959,0.010127,-0.104695,1.000000
-0.151976,0.756913,0.070663,0.992717,-0.059021,0.010139,-0.104535,1.000000
-0.152144,0.757042,0.070627,0.992721,-0.059161,0.010097,-0.104413,1.000000
-0.152169,0.757259,0.070664,0.992713,-0.059317,0.010089,-0.104410,1.000000
-0.152153,0.757302,0.070671,0.992708,-0.059559,0.010065,-0.104317,1.000000
-0.152315,0.757362,0.070727,0.992708,-0.059637,0.010048,-0.104279,1.000000
-0.152528,0.757459,0.070849,0.992713,-0.059645,0.010049,-0.104218,1.000000
-0.152667,0.757601,0.071008,0.992715,-0.059723,0.010091,-0.104160,1.000000
-0.152815,0.757765,0.071173,0.992714,-0.059789,0.010071,-0.104127,1.000000
-0.153043,0.758011,0.071452,0.992705,-0.059752,0.010070,-0.104239,1.000000
-0.153288,0.758265,0.071723,0.992703,-0.059738,0.010069,-0.104262,1.000000
-0.153360,0.758474,0.071823,0.992701,-0.059732,0.010058,-0.104287,1.000000
-0.153399,0.758810,0.071825,0.992699,-0.059801,0.010030,-0.104269,1.000000
-0.153452,0.759143,0.071880,0.992684,-0.059886,0.010009,-0.104360,1.000000
-0.153448,0.759188,0.071768,0.992689,-0.059934,0.010025,-0.104291,1.000000
-0.153536,0.759310,0.071708,0.992691,-0.059907,0.009983,-0.104284,1.000000
-0.153571,0.759406,0.071685,0.992686,-0.059967,0.009971,-0.104303,1.000000
-0.153608,0.759467,0.071713,0.992686,-0.059931,0.009969,-0.104321,1.000000
-0.153580,0.759589,0.071804,0.992678,-0.059950,0.009967,-0.104386,1.000000
-0.153576,0.759708,0.071877,0.992671,-0.059963,0.009968,-0.104452,1.000000
-0.153617,0.759797,0.071930,0.992670,-0.059928,0.009969,-0.104482,1.000000
-0.153607,0.759865,0.072001,0.992662,-0.059963,0.009953,-0.104535,1.000000
-0.153621,0.759914,0.071997,0.992660,-0.059994,0.009964,-0.104537,1.000000
-0.153625,0.760001,0.071984,0.992660,-0.060006,0.009957,-0.104531,1.000000
-0.153597,0.760017,0.071954,0.992659,-0.060040,0.009947,-0.104524,1.000000
-0.153624,0.760050,0.071888,0.992663,-0.060010,0.009948,-0.104494,1.000000
-0.153606,0.760075,0.071823,0.992665,-0.060039,0.009949,-0.104459,1.000000
-0.153587,0.760156,0.071939,0.992652,-0.060070,0.009942,-0.104572,1.000000
-0.153610,0.760195,0.072177,0.992634,-0.060059,0.009924,-0.104750,1.000000
-0.153618,0.760162,0.072397,0.992616,-0.060072,0.009901,-0.104916,1.000000
-0.153660,0.760142,0.072681,0.992592,-0.060040,0.009901,-0.105156,1.000000
-0.153637,0.760128,0.072831,0.992577,-0.060053,0.009889,-0.105298,1.000000
-0.153635,0.760174,0.073091,0.992550,-0.060065,0.009852,-0.105546,1.000000
-0.153623,0.760238,0.073331,0.992530,-0.060063,0.009859,-0.105738,1.000000
-0.153618,0.760279,0.073416,0.992521,-0.060087,0.009847,-0.105809,1.000000
-0.153619,0.760344,0.073542,0.992512,-0.060071,0.009854,-0.105898,1.000000
-0.153644,0.760394,0.073545,0.992519,-0.060044,0.009835,-0.105849,1.000000
-0.153653,0.760441,0.073593,0.992522,-0.060056,0.009834,-0.105813,1.000000
-0.153609,0.760446,0.073548,0.992526,-0.060086,0.009851,-0.105760,1.000000
-0.153634,0.760523,0.073640,0.992517,-0.060067,0.009822,-0.105861,1.000000
-0.153581,0.760615,0.073753,0.992504,-0.060106,0.009842,-0.105957,1.000000
-0.153438,0.760641,0.073861,0.992490,-0.060205,0.009819,-0.106031,1.000000
-0.153271,0.760662,0.073919,0.992479,-0.060332,0.009794,-0.106063,1.000000
-0.153224,0.760722,0.074042,0.992467,-0.060374,0.009780,-0.106152,1.000000
-0.153223,0.760773,0.074130,0.992458,-0.060367,0.009765,-0.106246,1.000000
-0.153235,0.760819,0.074173,0.992450,-0.060378,0.009742,-0.106311,1.000000
-0.153191,0.760913,0.074229,0.992438,-0.060386,0.009751,-0.106418,1.000000
-0.153177,0.760986,0.074321,0.992430,-0.060398,0.009743,-0.106489,1.000000
-0.153162,0.760994,0.074353,0.992421,-0.060434,0.009732,-0.106554,1.000000
-0.153143,0.761082,0.074449,0.992405,-0.060440,0.009714,-0.106702,1.000000
-0.153130,0.761146,0.074526,0.992392,-0.060453,0.009713,-0.106816,1.000000
-0.153113,0.761202,0.074582,0.992381,-0.060432,0.009723,-0.106923,1.000000
-0.153131,0.761287,0.074606,0.992373,-0.060349,0.009710,-0.107053,1.000000
-0.153096,0.761367,0.074719,0.992354,-0.060322,0.009718,-0.107243,1.000000
-0.153087,0.761423,0.074733,0.992335,-0.060337,0.009719,-0.107405,1.000000
-0.153065,0.761498,0.074751,0.992319,-0.060333,0.009719,-0.107554,1.000000
-0.153048,0.761440,0.074660,0.992309,-0.060323,0.009728,-0.107650,1.000000
-0.153067,0.761412,0.074530,0.992308,-0.060295,0.009738,-0.107681,1.000000
-0.153051,0.761329,0.074228,0.992315,-0.060267,0.009768,-0.107623,1.000000
-0.153050,0.761272,0.073970,0.992314,-0.060266,0.009757,-0.107634,1.000000
-0.153037,0.761132,0.073679,0.992315,-0.060278,0.009763,-0.107623,1.000000
-0.153072,0.761053,0.073538,0.992311,-0.060235,0.009738,-0.107688,1.000000
-0.153035,0.760980,0.073318,0.992305,-0.060240,0.009728,-0.107740,1.000000
-0.153102,0.760928,0.073163,0.992293,-0.060167,0.009691,-0.107888,1.000000
-0.153125,0.760977,0.073067,0.992266,-0.060181,0.009617,-0.108135,1.000000
-0.153224,0.760913,0.072852,0.992261,-0.060125,0.009523,-0.108219,1.000000
-0.153458,0.760985,0.072870,0.992247,-0.060016,0.009457,-0.108422,1.000000
-0.153650,0.761100,0.072962,0.992233,-0.059893,0.009382,-0.108622,1.000000
-0.153988,0.761182,0.073077,0.992231,-0.059614,0.009294,-0.108804,1.000000
-0.154206,0.761276,0.073220,0.992227,-0.059362,0.009248,-0.108974,0.000000
-0.154490,0.761335,0.073357,0.992230,-0.059060,0.009172,-0.109125,0.000000
-0.154775,0.761485,0.073639,0.992218,-0.058832,0.009104,-0.109362,0.000000
-0.154966,0.761554,0.073817,0.992206,-0.058689,0.009071,-0.109546,0.000000
-0.155158,0.761590,0.074013,0.992192,-0.058564,0.008925,-0.109753,0.000000
-0.155542,0.761670,0.074269,0.992170,-0.058405,0.008603,-0.110065,0.000000
-0.155890,0.761804,0.074614,0.992140,-0.058322,0.008215,-0.110402,0.000000
-0.156149,0.761799,0.075108,0.992101,-0.058246,0.007988,-0.110815,0.000000
-0.156312,0.761906,0.075638,0.992053,-0.058187,0.007873,-0.111280,0.000000
-0.156231,0.762030,0.076011,0.992011,-0.058305,0.007875,-0.111591,0.000000
-0.155874,0.762042,0.075994,0.991996,-0.058574,0.007957,-0.111576,0.000000
-0.155322,0.762049,0.075835,0.991997,-0.058920,0.008185,-0.111371,0.000000
-0.155024,0.761891,0.075332,0.992049,-0.059083,0.008406,-0.110803,0.000000
-0.154778,0.761546,0.074659,0.992136,-0.059232,0.008597,-0.109924,0.000000
-0.154665,0.761248,0.074125,0.992203,-0.059283,0.008771,-0.109277,0.000000
-0.154813,0.761068,0.073690,0.992258,-0.059175,0.008869,-0.108826,0.000000
-0.155216,0.761036,0.073575,0.992279,-0.058910,0.008865,-0.108782,0.000000
-0.155623,0.761007,0.073524,0.992290,-0.058632,0.008900,-0.108831,0.000000
-0.155909,0.761003,0.073540,0.992289,-0.058466,0.008866,-0.108934,0.000000
-0.155986,0.761166,0.073638,0.992264,-0.058384,0.008892,-0.109199,0.000000
-0.156061,0.761331,0.073745,0.992236,-0.058334,0.008881,-0.109480,0.000000
-0.156093,0.761534,0.073917,0.992195,-0.058338,0.008859,-0.109850,0.000000
-0.156116,0.761718,0.074196,0.992154,-0.058329,0.008829,-0.110224,0.000000
-0.156113,0.761891,0.074392,0.992121,-0.058273,0.008822,-0.110552,0.000000
-0.156097,0.762016,0.074613,0.992092,-0.058249,0.008832,-0.110826,0.000000
-0.156084,0.762080,0.074806,0.992067,-0.058252,0.008826,-0.111046,0.000000
-0.156142,0.762122,0.074969,0.992058,-0.058173,0.008802,-0.111176,0.000000
-0.156141,0.762192,0.075202,0.992036,-0.058226,0.008765,-0.111341,0.000000
-0.156186,0.762280,0.075400,0.992019,-0.058203,0.008751,-0.111508,0.000000
-0.156274,0.762297,0.075710,0.992003,-0.058099,0.008744,-0.111704,0.000000
-0.156468,0.762290,0.076034,0.991987,-0.057943,0.008741,-0.111926,0.000000
-0.156696,0.762354,0.076457,0.991960,-0.057783,0.008684,-0.112259,0.000000
-0.156770,0.762463,0.076819,0.991933,-0.057739,0.008674,-0.112515,0.000000
-0.156783,0.762636,0.077194,0.991903,-0.057729,0.008651,-0.112788,0.000000
-0.156798,0.762681,0.077400,0.991886,-0.057725,0.008646,-0.112943,0.000000
-0.156786,0.762673,0.077605,0.991872,-0.057704,0.008658,-0.113075,0.000000
-0.156813,0.762624,0.077720,0.991861,-0.057645,0.008643,-0.113198,0.000000
-0.156651,0.762573,0.077686,0.991855,-0.057779,0.008636,-0.113185,0.000000
-0.156488,0.762499,0.077556,0.991857,-0.057871,0.008676,-0.113114,0.000000
-0.156346,0.762536,0.077612,0.991842,-0.057961,0.008736,-0.113194,0.000000
-0.156273,0.762637,0.077810,0.991820,-0.057856,0.008842,-0.113437,0.000000
-0.155904,0.762820,0.078211,0.991763,-0.057959,0.009131,-0.113856,0.000000
-0.155296,0.763123,0.078659,0.991688,-0.058110,0.009541,-0.114400,0.000000
-0.154464,0.763414,0.079121,0.991601,-0.058310,0.010128,-0.114998,0.000000
-0.153822,0.763675,0.079489,0.991528,-0.058463,0.010698,-0.115497,0.000000
-0.153256,0.763710,0.079501,0.991489,-0.058675,0.011251,-0.115676,0.000000
-0.152940,0.763725,0.079494,0.991469,-0.058704,0.011657,-0.115792,0.000000
-0.152710,0.763694,0.079597,0.991453,-0.058760,0.011935,-0.115873,0.000000
-0.152586,0.763540,0.079566,0.991450,-0.058775,0.012115,-0.115871,0.000000
-0.152545,0.763320,0.079601,0.991448,-0.058745,0.012167,-0.115897,0.000000
-0.152497,0.763057,0.079594,0.991448,-0.058779,0.012209,-0.115875,0.000000
-0.152464,0.762889,0.079706,0.991432,-0.058768,0.012250,-0.116014,0.000000
-0.152418,0.762708,0.079711,0.991420,-0.058815,0.012237,-0.116090,0.000000
-0.152446,0.762691,0.079933,0.991393,-0.058776,0.012173,-0.116348,0.000000
-0.152421,0.762606,0.080005,0.991369,-0.058799,0.012136,-0.116542,0.000000
-0.152474,0.762505,0.079965,0.991366,-0.058790,0.012045,-0.116585,0.000000
-0.152590,0.762549,0.080013,0.991356,-0.058774,0.011883,-0.116695,0.000000
-0.152687,0.762568,0.080181,0.991335,-0.058745,0.011756,-0.116897,0.000000
-0.152721,0.762737,0.080591,0.991287,-0.058758,0.011645,-0.117308,0.000000
-0.152755,0.762817,0.080935,0.991252,-0.058734,0.011592,-0.117621,0.000000
-0.152696,0.762903,0.081357,0.991211,-0.058786,0.011582,-0.117941,0.000000
-0.152475,0.763033,0.081964,0.991155,-0.058955,0.011513,-0.118339,0.000000
-0.152334,0.763125,0.082387,0.991116,-0.059025,0.011515,-0.118629,0.000000
-0.152231,0.763277,0.082933,0.991066,-0.059126,0.011465,-0.119001,0.000000
-0.152191,0.763431,0.083357,0.991024,-0.059185,0.011462,-0.119323,0.000000
-0.152206,0.763400,0.083497,0.991014,-0.059170,0.011473,-0.119407,0.000000
-0.152180,0.763494,0.083644,0.991003,-0.059156,0.011494,-0.119508,0.000000
-0.152095,0.763529,0.083739,0.990991,-0.059201,0.011514,-0.119580,0.000000
-0.152075,0.763592,0.083929,0.990973,-0.059207,0.011497,-0.119727,0.000000
-0.152040,0.763650,0.084440,0.990927,-0.059225,0.011538,-0.120093,0.000000
