5.823208689689636230e-01 -7.654673457145690918e-01 7.764384746551513672e+00 5.010393634438514709e-02 5.625318363308906555e-02 5.216022487729787827e-03
5.822830200195312500e-01 -7.652121186256408691e-01 7.764384746551513672e+00 5.009889230132102966e-02 5.625318363308906555e-02 5.216022487729787827e-03
5.817170739173889160e-01 -7.648778557777404785e-01 7.764384746551513672e+00 5.009889230132102966e-02 5.625318363308906555e-02 5.216022487729787827e-03
5.810405015945434570e-01 -7.648778557777404785e-01 7.764384746551513672e+00 5.009889230132102966e-02 5.624977871775627136e-02 5.224429070949554443e-03
5.802243351936340332e-01 -7.648778557777404785e-01 7.764365673065185547e+00 5.009889230132102966e-02 5.623415857553482056e-02 5.228298250585794449e-03
5.799751281738281250e-01 -7.648778557777404785e-01 7.764199733734130859e+00 5.009889230132102966e-02 5.619162693619728088e-02 5.230971146374940872e-03
5.803097486495971680e-01 -7.644727230072021484e-01 7.763031959533691406e+00 5.012695863842964172e-02 5.597140267491340637e-02 5.229344125837087631e-03
5.805807709693908691e-01 -7.638863921165466309e-01 7.763399124145507812e+00 5.014304816722869873e-02 5.597192794084548950e-02 5.228054709732532501e-03
5.805772542953491211e-01 -7.640821933746337891e-01 7.763920307159423828e+00 5.013266950845718384e-02 5.601151660084724426e-02 5.226607900112867355e-03
5.808694958686828613e-01 -7.643548250198364258e-01 7.763749599456787109e+00 5.015642195940017700e-02 5.606111139059066772e-02 5.227009300142526627e-03
5.811809897422790527e-01 -7.647693157196044922e-01 7.763544082641601562e+00 5.018758028745651245e-02 5.609641596674919128e-02 5.225508008152246475e-03
5.814483761787414551e-01 -7.651031017303466797e-01 7.763816833496093750e+00 5.022187903523445129e-02 5.612038448452949524e-02 5.223265849053859711e-03
5.814400315284729004e-01 -7.654455900192260742e-01 7.763962268829345703e+00 5.025647580623626709e-02 5.611550435423851013e-02 5.220602732151746750e-03
5.813291072845458984e-01 -7.654455900192260742e-01 7.763947010040283203e+00 5.028566345572471619e-02 5.610216036438941956e-02 5.220602732151746750e-03
5.811323523521423340e-01 -7.654455900192260742e-01 7.763878822326660156e+00 5.028566345572471619e-02 5.607285723090171814e-02 5.220602732151746750e-03
5.808886289596557617e-01 -7.653921842575073242e-01 7.763947010040283203e+00 5.028566345572471619e-02 5.602424219250679016e-02 5.220890976488590240e-03
5.807039737701416016e-01 -7.653164863586425781e-01 7.763882637023925781e+00 5.028566345572471619e-02 5.598216876387596130e-02 5.221851635724306107e-03
5.806250572204589844e-01 -7.650427818298339844e-01 7.763843059539794922e+00 5.028566345572471619e-02 5.595482140779495239e-02 5.220246035605669022e-03
5.805757641792297363e-01 -7.643608450889587402e-01 7.763693809509277344e+00 5.028566345572471619e-02 5.591559410095214844e-02 5.221206694841384888e-03
5.806093811988830566e-01 -7.637364864349365234e-01 7.763773918151855469e+00 5.027668550610542297e-02 5.592740327119827271e-02 5.219982936978340149e-03
5.806252956390380859e-01 -7.635936737060546875e-01 7.763878822326660156e+00 5.024536326527595520e-02 5.595570057630538940e-02 5.219193641096353531e-03
5.806706547737121582e-01 -7.635936737060546875e-01 7.763956546783447266e+00 5.021043494343757629e-02 5.598216876387596130e-02 5.218487698584794998e-03
5.807735323905944824e-01 -7.636219859123229980e-01 7.764070034027099609e+00 5.015794187784194946e-02 5.602424219250679016e-02 5.217998754233121872e-03
5.807757377624511719e-01 -7.638129591941833496e-01 7.764276504516601562e+00 5.009596794843673706e-02 5.607285723090171814e-02 5.216985475271940231e-03
5.808033943176269531e-01 -7.643650174140930176e-01 7.764190673828125000e+00 5.004409700632095337e-02 5.610578507184982300e-02 5.216752178966999054e-03
5.806609392166137695e-01 -7.651785016059875488e-01 7.764272689819335938e+00 5.001885071396827698e-02 5.610411614179611206e-02 5.218254402279853821e-03
5.806226134300231934e-01 -7.655795812606811523e-01 7.764342308044433594e+00 5.001885071396827698e-02 5.609275400638580322e-02 5.218697711825370789e-03
5.805949568748474121e-01 -7.656800746917724609e-01 7.764272689819335938e+00 5.001885071396827698e-02 5.606756359338760376e-02 5.217998754233121872e-03
5.805379152297973633e-01 -7.648675441741943359e-01 7.764205455780029297e+00 5.001885071396827698e-02 5.602395161986351013e-02 5.215535871684551239e-03
5.804398059844970703e-01 -7.640022635459899902e-01 7.764342308044433594e+00 5.001885071396827698e-02 5.599083006381988525e-02 5.209822673350572586e-03
5.805223584175109863e-01 -7.642771601676940918e-01 7.764589309692382812e+00 5.001885071396827698e-02 5.597371235489845276e-02 5.203637294471263885e-03
5.805847048759460449e-01 -7.651130557060241699e-01 7.764522552490234375e+00 5.001885071396827698e-02 5.595977231860160828e-02 5.204522516578435898e-03
5.805445909500122070e-01 -7.658261060714721680e-01 7.764476776123046875e+00 5.002175644040107727e-02 5.597528070211410522e-02 5.204522516578435898e-03
5.805263519287109375e-01 -7.663351893424987793e-01 7.764464378356933594e+00 5.003592371940612793e-02 5.599709972739219666e-02 5.204522516578435898e-03
5.804927349090576172e-01 -7.666005492210388184e-01 7.764440059661865234e+00 5.009147152304649353e-02 5.603434517979621887e-02 5.204522516578435898e-03
5.805841684341430664e-01 -7.666005492210388184e-01 7.764712333679199219e+00 5.008567497134208679e-02 5.607344210147857666e-02 5.193606950342655182e-03
5.806294083595275879e-01 -7.666005492210388184e-01 7.764898300170898438e+00 5.008567497134208679e-02 5.610340833663940430e-02 5.181764252483844757e-03
5.806840658187866211e-01 -7.666005492210388184e-01 7.764712333679199219e+00 5.008567497134208679e-02 5.608555674552917480e-02 5.177671555429697037e-03
5.807552337646484375e-01 -7.665956020355224609e-01 7.764427661895751953e+00 5.008567497134208679e-02 5.606327950954437256e-02 5.177279468625783920e-03
5.805599689483642578e-01 -7.665315270423889160e-01 7.764200687408447266e+00 5.014255642890930176e-02 5.603072792291641235e-02 5.189950112253427505e-03
5.801939368247985840e-01 -7.660663723945617676e-01 7.764034748077392578e+00 5.014983937144279480e-02 5.600101873278617859e-02 5.187051836401224136e-03
5.798270106315612793e-01 -7.655442357063293457e-01 7.764025688171386719e+00 5.014983937144279480e-02 5.598528683185577393e-02 5.177710670977830887e-03
5.795243382453918457e-01 -7.654876708984375000e-01 7.764023780822753906e+00 5.014983937144279480e-02 5.597216263413429260e-02 5.179889500141143799e-03
5.793035626411437988e-01 -7.654692530632019043e-01 7.763911247253417969e+00 5.013987049460411072e-02 5.595519766211509705e-02 5.182787775993347168e-03
5.792369246482849121e-01 -7.654258608818054199e-01 7.763632774353027344e+00 5.010813847184181213e-02 5.594489350914955139e-02 5.184433888643980026e-03
5.792012214660644531e-01 -7.651473879814147949e-01 7.763267517089843750e+00 5.006429180502891541e-02 5.593414977192878723e-02 5.191642325371503830e-03
5.792273283004760742e-01 -7.646569609642028809e-01 7.763104438781738281e+00 5.002479627728462219e-02 5.594699084758758545e-02 5.207038950175046921e-03
5.792396664619445801e-01 -7.641760706901550293e-01 7.763155937194824219e+00 5.000663548707962036e-02 5.597797781229019165e-02 5.201330874115228653e-03
5.793085694313049316e-01 -7.639346718788146973e-01 7.763346195220947266e+00 5.000016465783119202e-02 5.598912015557289124e-02 5.197075195610523224e-03
5.792369246482849121e-01 -7.637907266616821289e-01 7.763234615325927734e+00 5.000016465783119202e-02 5.597592890262603760e-02 5.197395104914903641e-03
5.794156193733215332e-01 -7.636392712593078613e-01 7.763470649719238281e+00 5.000016465783119202e-02 5.596831440925598145e-02 5.192707292735576630e-03
5.799146294593811035e-01 -7.634027600288391113e-01 7.763763904571533203e+00 4.999708011746406555e-02 5.597109720110893250e-02 5.188815761357545853e-03
5.794789791107177734e-01 -7.635680437088012695e-01 7.763910293579101562e+00 4.999522492289543152e-02 5.597109720110893250e-02 5.189907737076282501e-03
5.792878866195678711e-01 -7.636638283729553223e-01 7.764029026031494141e+00 4.999413341283798218e-02 5.595471709966659546e-02 5.193580873310565948e-03
5.792493224143981934e-01 -7.637907266616821289e-01 7.764113426208496094e+00 4.999312385916709900e-02 5.593537539243698120e-02 5.192707292735576630e-03
5.792493224143981934e-01 -7.637611627578735352e-01 7.764184951782226562e+00 4.999256506562232971e-02 5.593886598944664001e-02 5.191436037421226501e-03
5.792589783668518066e-01 -7.635442614555358887e-01 7.764522075653076172e+00 4.999102279543876648e-02 5.594837665557861328e-02 5.189907737076282501e-03
5.794610977172851562e-01 -7.628598809242248535e-01 7.765326499938964844e+00 4.998270422220230103e-02 5.595820397138595581e-02 5.189034156501293182e-03
5.794404745101928711e-01 -7.622575759887695312e-01 7.765326499938964844e+00 4.995121061801910400e-02 5.596819147467613220e-02 5.193580873310565948e-03
5.799196362495422363e-01 -7.622495889663696289e-01 7.765587806701660156e+00 4.989366605877876282e-02 5.598311498761177063e-02 5.197395104914903641e-03
5.806615352630615234e-01 -7.622495889663696289e-01 7.765587806701660156e+00 4.984366148710250854e-02 5.600161850452423096e-02 5.201428662985563278e-03
5.813932418823242188e-01 -7.622495889663696289e-01 7.765587806701660156e+00 4.982836917042732239e-02 5.601746588945388794e-02 5.197395104914903641e-03
5.819237232208251953e-01 -7.622562050819396973e-01 7.765587806701660156e+00 4.982836917042732239e-02 5.603088065981864929e-02 5.192368291318416595e-03
5.821610689163208008e-01 -7.620788216590881348e-01 7.765587806701660156e+00 4.982836917042732239e-02 5.604475736618041992e-02 5.193132441490888596e-03
5.820538401603698730e-01 -7.620314955711364746e-01 7.765995979309082031e+00 4.983444511890411377e-02 5.605792626738548279e-02 5.186262540519237518e-03
5.820018053054809570e-01 -7.619786858558654785e-01 7.766155719757080078e+00 4.983603581786155701e-02 5.606669932603836060e-02 5.180163774639368057e-03
5.821151137351989746e-01 -7.619178891181945801e-01 7.766121387481689453e+00 4.983902722597122192e-02 5.608471482992172241e-02 5.181458313018083572e-03
5.822994709014892578e-01 -7.618278264999389648e-01 7.765974521636962891e+00 4.984482377767562866e-02 5.612089112401008606e-02 5.176923237740993500e-03
5.825482010841369629e-01 -7.619178891181945801e-01 7.765356063842773438e+00 4.984841495752334595e-02 5.613418295979499817e-02 5.172014236450195312e-03
5.824813842773437500e-01 -7.617411017417907715e-01 7.764883041381835938e+00 4.982976615428924561e-02 5.614347755908966064e-02 5.169447977095842361e-03
5.823751688003540039e-01 -7.616326212882995605e-01 7.764251708984375000e+00 4.980855062603950500e-02 5.614347755908966064e-02 5.164633970707654953e-03
5.822390913963317871e-01 -7.614219784736633301e-01 7.763801574707031250e+00 4.978157579898834229e-02 5.615120008587837219e-02 5.158105399459600449e-03
5.824813842773437500e-01 -7.615747451782226562e-01 7.763442993164062500e+00 4.976110905408859253e-02 5.616001412272453308e-02 5.152049940079450607e-03
5.827512741088867188e-01 -7.616123557090759277e-01 7.763195514678955078e+00 4.975678399205207825e-02 5.616916716098785400e-02 5.150721408426761627e-03
5.831724405288696289e-01 -7.618322968482971191e-01 7.763195514678955078e+00 4.980059340596199036e-02 5.618356168270111084e-02 5.153471138328313828e-03
5.831155776977539062e-01 -7.623140811920166016e-01 7.763195514678955078e+00 4.983971640467643738e-02 5.621106550097465515e-02 5.159212742000818253e-03
5.829625129699707031e-01 -7.628564834594726562e-01 7.762910842895507812e+00 4.986183345317840576e-02 5.623823776841163635e-02 5.163108929991722107e-03
5.831528902053833008e-01 -7.631332278251647949e-01 7.762591361999511719e+00 4.987297952175140381e-02 5.623823776841163635e-02 5.161813460290431976e-03
5.832011699676513672e-01 -7.633211016654968262e-01 7.762346744537353516e+00 4.988448694348335266e-02 5.623823776841163635e-02 5.161885637789964676e-03
5.830889940261840820e-01 -7.636929154396057129e-01 7.762697219848632812e+00 4.987484961748123169e-02 5.623446777462959290e-02 5.160297267138957977e-03
5.829312205314636230e-01 -7.632958889007568359e-01 7.762474536895751953e+00 4.989470168948173523e-02 5.622353032231330872e-02 5.160368978977203369e-03
5.828158855438232422e-01 -7.631154060363769531e-01 7.762123107910156250e+00 4.993473365902900696e-02 5.619389936327934265e-02 5.161813460290431976e-03
5.827296972274780273e-01 -7.629637122154235840e-01 7.762239933013916016e+00 4.992053657770156860e-02 5.616471171379089355e-02 5.161885637789964676e-03
5.826325416564941406e-01 -7.629623413085937500e-01 7.762346744537353516e+00 4.992677643895149231e-02 5.614376813173294067e-02 5.162780638784170151e-03
5.824419856071472168e-01 -7.634999752044677734e-01 7.762591361999511719e+00 4.994090646505355835e-02 5.613413080573081970e-02 5.160918459296226501e-03
5.822110176086425781e-01 -7.641618847846984863e-01 7.762814044952392578e+00 4.995267465710639954e-02 5.612974986433982849e-02 5.160297267138957977e-03
5.819760560989379883e-01 -7.645184397697448730e-01 7.762591361999511719e+00 4.996296018362045288e-02 5.612737685441970825e-02 5.164032801985740662e-03
5.819992423057556152e-01 -7.646762728691101074e-01 7.762474536895751953e+00 4.997207596898078918e-02 5.612295866012573242e-02 5.176475271582603455e-03
5.820655822753906250e-01 -7.649640440940856934e-01 7.762330532073974609e+00 4.999231174588203430e-02 5.610964447259902954e-02 5.191448144614696503e-03
5.821424126625061035e-01 -7.651546597480773926e-01 7.762716770172119141e+00 4.999231174588203430e-02 5.611218512058258057e-02 5.191448144614696503e-03
5.820549726486206055e-01 -7.652792930603027344e-01 7.763051509857177734e+00 4.999231174588203430e-02 5.611385405063629150e-02 5.191448144614696503e-03
5.818814039230346680e-01 -7.652050852775573730e-01 7.763313293457031250e+00 4.998272657394409180e-02 5.610655620694160461e-02 5.188886541873216629e-03
5.818814039230346680e-01 -7.650425434112548828e-01 7.762954235076904297e+00 4.998454824090003967e-02 5.608274042606353760e-02 5.185747053474187851e-03
5.818814039230346680e-01 -7.646718621253967285e-01 7.762650966644287109e+00 4.999014735221862793e-02 5.604265630245208740e-02 5.175941623747348785e-03
5.816276669502258301e-01 -7.647804617881774902e-01 7.762611865997314453e+00 4.999791085720062256e-02 5.601441860198974609e-02 5.188698880374431610e-03
5.814195275306701660e-01 -7.649664878845214844e-01 7.762840270996093750e+00 5.000065639615058899e-02 5.600667744874954224e-02 5.209848750382661819e-03
5.813137292861938477e-01 -7.652569413185119629e-01 7.763221263885498047e+00 5.001126974821090698e-02 5.600740388035774231e-02 5.200229585170745850e-03
5.813585519790649414e-01 -7.653822302818298340e-01 7.763470649719238281e+00 5.003854632377624512e-02 5.600833520293235779e-02 5.218445789068937302e-03
5.813137292861938477e-01 -7.657384872436523438e-01 7.764145851135253906e+00 5.006793141365051270e-02 5.601427331566810608e-02 5.223261192440986633e-03
5.812869071960449219e-01 -7.663373947143554688e-01 7.764444828033447266e+00 5.011145025491714478e-02 5.602266639471054077e-02 5.205500405281782150e-03
5.812661051750183105e-01 -7.665275335311889648e-01 7.764624595642089844e+00 5.015879496932029724e-02 5.603417009115219116e-02 5.210888572037220001e-03
5.813465118408203125e-01 -7.663810253143310547e-01 7.764781475067138672e+00 5.020339414477348328e-02 5.605364590883255005e-02 5.223661661148071289e-03
5.814806222915649414e-01 -7.666522860527038574e-01 7.764953613281250000e+00 5.024042353034019470e-02 5.604104325175285339e-02 5.206915084272623062e-03
5.817205309867858887e-01 -7.667400240898132324e-01 7.765174865722656250e+00 5.025868862867355347e-02 5.603059381246566772e-02 5.190698895603418350e-03
5.817460417747497559e-01 -7.668331265449523926e-01 7.764953613281250000e+00 5.026391893625259399e-02 5.602782964706420898e-02 5.200179759413003922e-03
5.815618038177490234e-01 -7.665514945983886719e-01 7.764781475067138672e+00 5.027607455849647522e-02 5.602210387587547302e-02 5.207538139075040817e-03
5.813932418823242188e-01 -7.663019299507141113e-01 7.764624595642089844e+00 5.026671662926673889e-02 5.603357776999473572e-02 5.193498916923999786e-03
5.811768770217895508e-01 -7.662187218666076660e-01 7.764444828033447266e+00 5.025720596313476562e-02 5.604162812232971191e-02 5.189812276512384415e-03
5.810196995735168457e-01 -7.661855220794677734e-01 7.764082431793212891e+00 5.025430768728256226e-02 5.604966729879379272e-02 5.204082466661930084e-03
5.810696482658386230e-01 -7.661855220794677734e-01 7.764491558074951172e+00 5.025430768728256226e-02 5.605719611048698425e-02 5.204082466661930084e-03
5.811154246330261230e-01 -7.661891579627990723e-01 7.764903545379638672e+00 5.025430768728256226e-02 5.606845766305923462e-02 5.200179759413003922e-03
5.812090635299682617e-01 -7.662144899368286133e-01 7.764782428741455078e+00 5.025430768728256226e-02 5.608289688825607300e-02 5.202486645430326462e-03
5.810576677322387695e-01 -7.661839723587036133e-01 7.764728546142578125e+00 5.024959146976470947e-02 5.608289688825607300e-02 5.212359130382537842e-03
5.809159278869628906e-01 -7.661223411560058594e-01 7.764348506927490234e+00 5.023523047566413879e-02 5.607973411679267883e-02 5.217708647251129150e-03
5.807867050170898438e-01 -7.660086154937744141e-01 7.763722419738769531e+00 5.020239576697349548e-02 5.607220157980918884e-02 5.205965600907802582e-03
5.806398987770080566e-01 -7.659554481506347656e-01 7.763228893280029297e+00 5.016654357314109802e-02 5.605854839086532593e-02 5.212359130382537842e-03
5.803618431091308594e-01 -7.658707499504089355e-01 7.763228893280029297e+00 5.014898255467414856e-02 5.603579804301261902e-02 5.217708647251129150e-03
5.797956585884094238e-01 -7.656780481338500977e-01 7.763228893280029297e+00 5.013825744390487671e-02 5.601035803556442261e-02 5.219866055995225906e-03
5.795031785964965820e-01 -7.651864290237426758e-01 7.762979984283447266e+00 5.013388395309448242e-02 5.597956478595733643e-02 5.223148502409458160e-03
5.793785452842712402e-01 -7.651864290237426758e-01 7.762979984283447266e+00 5.013388395309448242e-02 5.598689615726470947e-02 5.219866055995225906e-03
5.791894197463989258e-01 -7.647575139999389648e-01 7.763020992279052734e+00 5.013388395309448242e-02 5.599880591034889221e-02 5.212921183556318283e-03
5.789762139320373535e-01 -7.644814252853393555e-01 7.762942314147949219e+00 5.013388395309448242e-02 5.597390234470367432e-02 5.220331251621246338e-03
5.788643956184387207e-01 -7.645457983016967773e-01 7.762804985046386719e+00 5.012046545743942261e-02 5.593610182404518127e-02 5.231425166130065918e-03
5.787845849990844727e-01 -7.646386027336120605e-01 7.762602806091308594e+00 5.010812357068061829e-02 5.588401854038238525e-02 5.237902980297803879e-03
5.785459280014038086e-01 -7.645457983016967773e-01 7.762377262115478516e+00 5.010318756103515625e-02 5.583069473505020142e-02 5.243468564003705978e-03
5.781826972961425781e-01 -7.644814252853393555e-01 7.762489795684814453e+00 5.009788647294044495e-02 5.580288916826248169e-02 5.241863895207643509e-03
5.779142975807189941e-01 -7.644450664520263672e-01 7.762554168701171875e+00 5.009609833359718323e-02 5.578625202178955078e-02 5.240519531071186066e-03
5.776486992835998535e-01 -7.643241882324218750e-01 7.762598514556884766e+00 5.009430646896362305e-02 5.578625202178955078e-02 5.239435005933046341e-03
5.771601200103759766e-01 -7.641355991363525391e-01 7.762751579284667969e+00 5.008900910615921021e-02 5.578625202178955078e-02 5.234400741755962372e-03
5.771601200103759766e-01 -7.639798521995544434e-01 7.762982845306396484e+00 5.008715391159057617e-02 5.578990280628204346e-02 5.228529684245586395e-03
5.771601200103759766e-01 -7.637909650802612305e-01 7.763477802276611328e+00 5.008567497134208679e-02 5.579668655991554260e-02 5.238037556409835815e-03
5.771890282630920410e-01 -7.638139128684997559e-01 7.763954639434814453e+00 5.007876828312873840e-02 5.580387264490127563e-02 5.239806137979030609e-03
5.772469043731689453e-01 -7.635633945465087891e-01 7.763943672180175781e+00 5.005584657192230225e-02 5.582270398736000061e-02 5.238680168986320496e-03
5.771104693412780762e-01 -7.631935477256774902e-01 7.763799190521240234e+00 4.999656230211257935e-02 5.587977916002273560e-02 5.232378840446472168e-03
5.773056745529174805e-01 -7.628735899925231934e-01 7.763824462890625000e+00 4.988975077867507935e-02 5.594947189092636108e-02 5.213899072259664536e-03
5.775425434112548828e-01 -7.626696228981018066e-01 7.763952255249023438e+00 4.980012029409408569e-02 5.598501116037368774e-02 5.195006262511014938e-03
5.777603983879089355e-01 -7.623044848442077637e-01 7.763998508453369141e+00 4.976738244295120239e-02 5.599484965205192566e-02 5.187983624637126923e-03
5.779233574867248535e-01 -7.619084715843200684e-01 7.764061927795410156e+00 4.976098984479904175e-02 5.600694194436073303e-02 5.184297449886798859e-03
5.782726407051086426e-01 -7.616940736770629883e-01 7.764003276824951172e+00 4.975863918662071228e-02 5.605357512831687927e-02 5.180388689041137695e-03
5.787866711616516113e-01 -7.616940736770629883e-01 7.763875961303710938e+00 4.975292086601257324e-02 5.604625493288040161e-02 5.173566285520792007e-03
5.793502926826477051e-01 -7.616940736770629883e-01 7.763748645782470703e+00 4.974081367254257202e-02 5.604466050863265991e-02 5.174864549189805984e-03
5.798474550247192383e-01 -7.617068290710449219e-01 7.763748645782470703e+00 4.972336813807487488e-02 5.604466050863265991e-02 5.174864549189805984e-03
5.803660750389099121e-01 -7.615838050842285156e-01 7.763697147369384766e+00 4.970282316207885742e-02 5.610884353518486023e-02 5.160845350474119186e-03
5.809542536735534668e-01 -7.615143656730651855e-01 7.763890743255615234e+00 4.968887567520141602e-02 5.614957958459854126e-02 5.143544171005487442e-03
5.814697146415710449e-01 -7.614743709564208984e-01 7.763947010040283203e+00 4.968159273266792297e-02 5.616445094347000122e-02 5.130938719958066940e-03
5.818910002708435059e-01 -7.615297436714172363e-01 7.763965606689453125e+00 4.966704919934272766e-02 5.617491900920867920e-02 5.136713851243257523e-03
5.818197727203369141e-01 -7.616741657257080078e-01 7.763741493225097656e+00 4.965636506676673889e-02 5.618850141763687134e-02 5.141759291291236877e-03
5.816790461540222168e-01 -7.619167566299438477e-01 7.763335704803466797e+00 4.965747147798538208e-02 5.620821565389633179e-02 5.145357456058263779e-03
5.815462470054626465e-01 -7.621449232101440430e-01 7.762912273406982422e+00 4.965747147798538208e-02 5.621312931180000305e-02 5.145999602973461151e-03
5.814525485038757324e-01 -7.623280286788940430e-01 7.763149261474609375e+00 4.965747147798538208e-02 5.621312931180000305e-02 5.131370853632688522e-03
5.813710689544677734e-01 -7.625212073326110840e-01 7.763397216796875000e+00 4.965747147798538208e-02 5.621312931180000305e-02 5.133643746376037598e-03
5.812444686889648438e-01 -7.626415491104125977e-01 7.763035774230957031e+00 4.965777695178985596e-02 5.620756372809410095e-02 5.139418877661228180e-03
5.811818838119506836e-01 -7.627387642860412598e-01 7.762736797332763672e+00 4.966123029589653015e-02 5.619994550943374634e-02 5.150004290044307709e-03
5.811449289321899414e-01 -7.628493309020996094e-01 7.762544155120849609e+00 4.967824742197990417e-02 5.616387352347373962e-02 5.147299263626337051e-03
5.811188817024230957e-01 -7.629508376121520996e-01 7.762463569641113281e+00 4.971043765544891357e-02 5.609291419386863708e-02 5.148820113390684128e-03
5.810749530792236328e-01 -7.630309462547302246e-01 7.762396335601806641e+00 4.977347329258918762e-02 5.610395222902297974e-02 5.171122495085000992e-03
5.809044241905212402e-01 -7.630226016044616699e-01 7.762463569641113281e+00 4.980498179793357849e-02 5.614366009831428528e-02 5.187283735722303391e-03
5.806918740272521973e-01 -7.630095481872558594e-01 7.762544155120849609e+00 4.980601742863655090e-02 5.616502836346626282e-02 5.193326622247695923e-03
5.807546377182006836e-01 -7.630618810653686523e-01 7.762882709503173828e+00 4.980601742863655090e-02 5.616331845521926880e-02 5.195844918489456177e-03
5.807546377182006836e-01 -7.630488276481628418e-01 7.763585090637207031e+00 4.980806633830070496e-02 5.617410317063331604e-02 5.195115692913532257e-03
5.807546377182006836e-01 -7.630309462547302246e-01 7.764595508575439453e+00 4.980909824371337891e-02 5.618633329868316650e-02 5.193571094423532486e-03
5.807546377182006836e-01 -7.630309462547302246e-01 7.765502929687500000e+00 4.980971664190292358e-02 5.619331449270248413e-02 5.190674215555191040e-03
5.807546377182006836e-01 -7.630879282951354980e-01 7.766055107116699219e+00 4.981288313865661621e-02 5.619674548506736755e-02 5.189270712435245514e-03
5.806826949119567871e-01 -7.631831169128417969e-01 7.765930175781250000e+00 4.982562735676765442e-02 5.619055405259132385e-02 5.185043904930353165e-03
5.806826949119567871e-01 -7.632923126220703125e-01 7.765615463256835938e+00 4.983807727694511414e-02 5.617867037653923035e-02 5.172085482627153397e-03
5.807360410690307617e-01 -7.632600069046020508e-01 7.765194416046142578e+00 4.985247179865837097e-02 5.616880208253860474e-02 5.156839266419410706e-03
5.809148550033569336e-01 -7.633465528488159180e-01 7.764678955078125000e+00 4.986614733934402466e-02 5.616430565714836121e-02 5.138306412845849991e-03
5.807824730873107910e-01 -7.634091973304748535e-01 7.764156818389892578e+00 4.987928271293640137e-02 5.615912005305290222e-02 5.126336589455604553e-03
5.807434320449829102e-01 -7.634269595146179199e-01 7.765007019042968750e+00 4.989334940910339355e-02 5.615741387009620667e-02 5.129159893840551376e-03
5.812317132949829102e-01 -7.632887959480285645e-01 7.764422416687011719e+00 4.984980076551437378e-02 5.615741387009620667e-02 5.122395232319831848e-03
5.819109678268432617e-01 -7.630571126937866211e-01 7.765072822570800781e+00 4.981953650712966919e-02 5.616698041558265686e-02 5.123533308506011963e-03
5.822642445564270020e-01 -7.625664472579956055e-01 7.765681266784667969e+00 4.980191588401794434e-02 5.617867037653923035e-02 5.125239957123994827e-03
5.822642445564270020e-01 -7.622820138931274414e-01 7.766077041625976562e+00 4.979482293128967285e-02 5.618916824460029602e-02 5.126965697854757309e-03
5.822642445564270020e-01 -7.623578310012817383e-01 7.766252517700195312e+00 4.979708790779113770e-02 5.619622021913528442e-02 5.128377582877874374e-03
5.826514363288879395e-01 -7.625048160552978516e-01 7.766233921051025391e+00 4.981100559234619141e-02 5.620930716395378113e-02 5.128146614879369736e-03
5.830138325691223145e-01 -7.627700567245483398e-01 7.766106128692626953e+00 4.986229166388511658e-02 5.622341483831405640e-02 5.129702854901552200e-03
5.828264951705932617e-01 -7.631279230117797852e-01 7.765727996826171875e+00 4.994373396039009094e-02 5.621015653014183044e-02 5.132459104061126709e-03
5.824393033981323242e-01 -7.633174061775207520e-01 7.765121459960937500e+00 5.001817271113395691e-02 5.619425699114799500e-02 5.133823957294225693e-03
5.820010304450988770e-01 -7.635040283203125000e-01 7.764587402343750000e+00 5.007727444171905518e-02 5.617836490273475647e-02 5.134793929755687714e-03
5.816308259963989258e-01 -7.634091973304748535e-01 7.764245033264160156e+00 5.007727444171905518e-02 5.615716055035591125e-02 5.138990934938192368e-03
5.813961625099182129e-01 -7.634989619255065918e-01 7.764296054840087891e+00 5.007727444171905518e-02 5.613238736987113953e-02 5.141335073858499527e-03
5.811398029327392578e-01 -7.634829282760620117e-01 7.764407157897949219e+00 5.006326362490653992e-02 5.611298605799674988e-02 5.140775814652442932e-03
5.812113285064697266e-01 -7.633063793182373047e-01 7.764832019805908203e+00 5.005343630909919739e-02 5.611298605799674988e-02 5.140775814652442932e-03
5.813972949981689453e-01 -7.634180188179016113e-01 7.765022277832031250e+00 5.007027462124824524e-02 5.612232908606529236e-02 5.153433885425329208e-03
5.811398029327392578e-01 -7.635557055473327637e-01 7.764973163604736328e+00 5.007881671190261841e-02 5.615835636854171753e-02 5.164954811334609985e-03
5.809155106544494629e-01 -7.641183137893676758e-01 7.764899730682373047e+00 5.009049177169799805e-02 5.617919564247131348e-02 5.168923176825046539e-03
5.807133913040161133e-01 -7.646065950393676758e-01 7.764695167541503906e+00 5.011031404137611389e-02 5.617325007915496826e-02 5.172585137188434601e-03
5.807756185531616211e-01 -7.643041610717773438e-01 7.764364242553710938e+00 5.013228580355644226e-02 5.616159737110137939e-02 5.180068314075469971e-03
5.808328986167907715e-01 -7.642326354980468750e-01 7.764495372772216797e+00 5.012863129377365112e-02 5.612658709287643433e-02 5.178196355700492859e-03
5.805218219757080078e-01 -7.646717429161071777e-01 7.764238834381103516e+00 5.012863129377365112e-02 5.607338994741439819e-02 5.174065008759498596e-03
5.800096392631530762e-01 -7.650063633918762207e-01 7.763939380645751953e+00 5.013767257332801819e-02 5.601810663938522339e-02 5.185263697057962418e-03
5.795511007308959961e-01 -7.654255032539367676e-01 7.763617515563964844e+00 5.015895515680313110e-02 5.600015819072723389e-02 5.192005075514316559e-03
5.794668793678283691e-01 -7.648586034774780273e-01 7.763759613037109375e+00 5.015853419899940491e-02 5.600307509303092957e-02 5.186991300433874130e-03
5.795003175735473633e-01 -7.646223902702331543e-01 7.763933658599853516e+00 5.015341192483901978e-02 5.601200088858604431e-02 5.192405544221401215e-03
5.795292854309082031e-01 -7.647191286087036133e-01 7.763735294342041016e+00 5.015993118286132812e-02 5.600307509303092957e-02 5.193390883505344391e-03
5.796194076538085938e-01 -7.647843360900878906e-01 7.763551235198974609e+00 5.017139390110969543e-02 5.600015819072723389e-02 5.196707323193550110e-03
5.798197984695434570e-01 -7.650319933891296387e-01 7.763419628143310547e+00 5.019381642341613770e-02 5.599539354443550110e-02 5.197214893996715546e-03
5.799964666366577148e-01 -7.656005024909973145e-01 7.763317584991455078e+00 5.021314322948455811e-02 5.598786845803260803e-02 5.200200714170932770e-03
5.799375772476196289e-01 -7.656204104423522949e-01 7.763317584991455078e+00 5.022915080189704895e-02 5.597881600260734558e-02 5.199793726205825806e-03
5.797768235206604004e-01 -7.662635445594787598e-01 7.763337612152099609e+00 5.024153366684913635e-02 5.597937107086181641e-02 5.205799825489521027e-03
5.796335935592651367e-01 -7.666991949081420898e-01 7.763369083404541016e+00 5.025070160627365112e-02 5.597535148262977600e-02 5.200913175940513611e-03
5.795447826385498047e-01 -7.669002413749694824e-01 7.763433933258056641e+00 5.025345087051391602e-02 5.597557127475738525e-02 5.197927355766296387e-03
5.795844197273254395e-01 -7.669646739959716797e-01 7.763616561889648438e+00 5.025665462017059326e-02 5.597907304763793945e-02 5.199793726205825806e-03
5.796576738357543945e-01 -7.669237256050109863e-01 7.763852119445800781e+00 5.026181042194366455e-02 5.598331615328788757e-02 5.199898965656757355e-03
5.795802474021911621e-01 -7.668961882591247559e-01 7.763787746429443359e+00 5.025839805603027344e-02 5.598836764693260193e-02 5.197214893996715546e-03
5.795257687568664551e-01 -7.668727040290832520e-01 7.763722419738769531e+00 5.025625601410865784e-02 5.599737539887428284e-02 5.199898965656757355e-03
5.796279907226562500e-01 -7.668364048004150391e-01 7.763649940490722656e+00 5.025625601410865784e-02 5.600542575120925903e-02 5.206104367971420288e-03
5.798184275627136230e-01 -7.667711377143859863e-01 7.763849735260009766e+00 5.025625601410865784e-02 5.600433796644210815e-02 5.206104367971420288e-03
5.800090432167053223e-01 -7.669095396995544434e-01 7.763752937316894531e+00 5.025441944599151611e-02 5.599849671125411987e-02 5.213177762925624847e-03
5.801973342895507812e-01 -7.671521902084350586e-01 7.763363838195800781e+00 5.026973783969879150e-02 5.599096417427062988e-02 5.213177762925624847e-03
5.801893472671508789e-01 -7.669939994812011719e-01 7.762977600097656250e+00 5.028198286890983582e-02 5.598394945263862610e-02 5.212876480072736740e-03
5.799818038940429688e-01 -7.669081091880798340e-01 7.763268947601318359e+00 5.028223991394042969e-02 5.597712099552154541e-02 5.216626916080713272e-03
5.795108675956726074e-01 -7.669492959976196289e-01 7.763669967651367188e+00 5.027936771512031555e-02 5.597646906971931458e-02 5.212510935962200165e-03
5.794408321380615234e-01 -7.669769525527954102e-01 7.763963699340820312e+00 5.027167871594429016e-02 5.597429350018501282e-02 5.204995162785053253e-03
5.795791745185852051e-01 -7.668817639350891113e-01 7.763943672180175781e+00 5.026120319962501526e-02 5.597429350018501282e-02 5.207405425608158112e-03
5.797578096389770508e-01 -7.667512297630310059e-01 7.763773918151855469e+00 5.024114996194839478e-02 5.597284808754920959e-02 5.210206378251314163e-03
5.797677040100097656e-01 -7.666420936584472656e-01 7.763407707214355469e+00 5.021703243255615234e-02 5.596810206770896912e-02 5.214616656303405762e-03
5.799646377563476562e-01 -7.663436532020568848e-01 7.763499259948730469e+00 5.019215866923332214e-02 5.597119778394699097e-02 5.210206378251314163e-03
5.801557898521423340e-01 -7.663483619689941406e-01 7.763499259948730469e+00 5.019215866923332214e-02 5.595877394080162048e-02 5.205200519412755966e-03
5.802898406982421875e-01 -7.663318514823913574e-01 7.763499259948730469e+00 5.019215866923332214e-02 5.595877394080162048e-02 5.211011040955781937e-03
5.802456736564636230e-01 -7.664353847503662109e-01 7.763657093048095703e+00 5.019610747694969177e-02 5.595005676150321960e-02 5.219249054789543152e-03
5.801977515220642090e-01 -7.665297389030456543e-01 7.763222694396972656e+00 5.020808428525924683e-02 5.594225227832794189e-02 5.224090535193681717e-03
5.799676179885864258e-01 -7.664353847503662109e-01 7.762942314147949219e+00 5.022326484322547913e-02 5.593540146946907043e-02 5.228301975876092911e-03
5.801128149032592773e-01 -7.663318514823913574e-01 7.762737751007080078e+00 5.022995173931121826e-02 5.592531710863113403e-02 5.224884953349828720e-03
5.801755189895629883e-01 -7.662991881370544434e-01 7.763077259063720703e+00 5.022995173931121826e-02 5.592531710863113403e-02 5.216448567807674408e-03
5.800381898880004883e-01 -7.661522030830383301e-01 7.763246536254882812e+00 5.022406950592994690e-02 5.592836812138557434e-02 5.204813554883003235e-03
5.798627138137817383e-01 -7.658579349517822266e-01 7.763382434844970703e+00 5.021224543452262878e-02 5.593593046069145203e-02 5.198188126087188721e-03
5.797637701034545898e-01 -7.656370401382446289e-01 7.763661861419677734e+00 5.019215866923332214e-02 5.594225227832794189e-02 5.192660260945558548e-03
5.797373652458190918e-01 -7.655004858970642090e-01 7.764033794403076172e+00 5.016940832138061523e-02 5.594729632139205933e-02 5.187747534364461899e-03
5.796909928321838379e-01 -7.653995156288146973e-01 7.764135360717773438e+00 5.016454309225082397e-02 5.595602840185165405e-02 5.185916088521480560e-03
5.797963738441467285e-01 -7.653567790985107422e-01 7.763850212097167969e+00 5.016477778553962708e-02 5.597122013568878174e-02 5.187747534364461899e-03
5.798953175544738770e-01 -7.653627991676330566e-01 7.763478755950927734e+00 5.017633363604545593e-02 5.596709251403808594e-02 5.191127769649028778e-03
5.800545215606689453e-01 -7.654074430465698242e-01 7.763850212097167969e+00 5.019114539027214050e-02 5.596432834863662720e-02 5.199438426643610001e-03
5.797429084777832031e-01 -7.654653191566467285e-01 7.764135360717773438e+00 5.019618943333625793e-02 5.596169084310531616e-02 5.193585529923439026e-03
5.789710283279418945e-01 -7.655311226844787598e-01 7.764299392700195312e+00 5.019196867942810059e-02 5.595700815320014954e-02 5.198392085731029510e-03
5.788323879241943359e-01 -7.656521797180175781e-01 7.764135360717773438e+00 5.018405616283416748e-02 5.597011744976043701e-02 5.206384230405092239e-03
5.789746642112731934e-01 -7.655311226844787598e-01 7.763757228851318359e+00 5.017726495862007141e-02 5.597802996635437012e-02 5.210924893617630005e-03
5.794292092323303223e-01 -7.653315067291259766e-01 7.763382434844970703e+00 5.016685649752616882e-02 5.597886815667152405e-02 5.203832872211933136e-03
5.790166854858398438e-01 -7.654653191566467285e-01 7.763365268707275391e+00 5.016685649752616882e-02 5.597874522209167480e-02 5.196485202759504318e-03
5.787240266799926758e-01 -7.655072212219238281e-01 7.763325691223144531e+00 5.016685649752616882e-02 5.597610771656036377e-02 5.197727121412754059e-03
5.782822966575622559e-01 -7.656282782554626465e-01 7.763251781463623047e+00 5.017319321632385254e-02 5.597581714391708374e-02 5.200338549911975861e-03
5.780141949653625488e-01 -7.660107016563415527e-01 7.763178348541259766e+00 5.017516389489173889e-02 5.597230046987533569e-02 5.208006594330072403e-03
5.780588984489440918e-01 -7.662419080734252930e-01 7.763112068176269531e+00 5.018195882439613342e-02 5.595796182751655579e-02 5.205971188843250275e-03
5.781561732292175293e-01 -7.662419080734252930e-01 7.763170242309570312e+00 5.018060281872749329e-02 5.594913661479949951e-02 5.205971188843250275e-03
5.783106088638305664e-01 -7.662419080734252930e-01 7.763278484344482422e+00 5.018060281872749329e-02 5.594913661479949951e-02 5.205971188843250275e-03
5.787570476531982422e-01 -7.662299871444702148e-01 7.762875556945800781e+00 5.018060281872749329e-02 5.594913661479949951e-02 5.215192679315805435e-03
5.792363286018371582e-01 -7.662199735641479492e-01 7.762583732604980469e+00 5.017726495862007141e-02 5.594972893595695496e-02 5.220346152782440186e-03
5.795413255691528320e-01 -7.661181092262268066e-01 7.762666225433349609e+00 5.016777664422988892e-02 5.595414340496063232e-02 5.219253245741128922e-03
5.792722105979919434e-01 -7.658128738403320312e-01 7.762829780578613281e+00 5.013914406299591064e-02 5.595920234918594360e-02 5.216721910983324051e-03
5.794796943664550781e-01 -7.650730609893798828e-01 7.763016700744628906e+00 5.010486766695976257e-02 5.596151202917098999e-02 5.219310522079467773e-03
5.795346498489379883e-01 -7.650172710418701172e-01 7.763012886047363281e+00 5.008662864565849304e-02 5.596001818776130676e-02 5.222043953835964203e-03
5.794037580490112305e-01 -7.650172710418701172e-01 7.762860298156738281e+00 5.008662864565849304e-02 5.595516785979270935e-02 5.216628778725862503e-03
5.791404247283935547e-01 -7.652639150619506836e-01 7.762658119201660156e+00 5.008662864565849304e-02 5.594385415315628052e-02 5.213029682636260986e-03
5.788179636001586914e-01 -7.657461762428283691e-01 7.762860298156738281e+00 5.009394139051437378e-02 5.594021081924438477e-02 5.207207985222339630e-03
5.790080428123474121e-01 -7.654151916503906250e-01 7.763012886047363281e+00 5.011016130447387695e-02 5.594832450151443481e-02 5.198754370212554932e-03
5.791671276092529297e-01 -7.649611234664916992e-01 7.763125419616699219e+00 5.013058334589004517e-02 5.595127865672111511e-02 5.186275579035282135e-03
5.791760683059692383e-01 -7.652710080146789551e-01 7.763098716735839844e+00 5.014032498002052307e-02 5.595276132225990295e-02 5.181103479117155075e-03
5.792617797851562500e-01 -7.653870582580566406e-01 7.763100147247314453e+00 5.014383047819137573e-02 5.595575273036956787e-02 5.183235276490449905e-03
5.792617797851562500e-01 -7.649048566818237305e-01 7.763206958770751953e+00 5.014383047819137573e-02 5.596320331096649170e-02 5.186559632420539856e-03
5.792592763900756836e-01 -7.649661898612976074e-01 7.763333320617675781e+00 5.015084147453308105e-02 5.596320331096649170e-02 5.192619282752275467e-03
5.792021751403808594e-01 -7.650364041328430176e-01 7.763274192810058594e+00 5.015736073255538940e-02 5.595961585640907288e-02 5.205680150538682938e-03
5.790968537330627441e-01 -7.649157643318176270e-01 7.763190269470214844e+00 5.015084147453308105e-02 5.595737323164939880e-02 5.196070298552513123e-03
5.788399577140808105e-01 -7.648544311523437500e-01 7.763308525085449219e+00 5.014741420745849609e-02 5.595427006483078003e-02 5.179475992918014526e-03
5.788399577140808105e-01 -7.648544311523437500e-01 7.763389110565185547e+00 5.014741420745849609e-02 5.594297498464584351e-02 5.198328755795955658e-03
5.787913799285888672e-01 -7.648544311523437500e-01 7.763487815856933594e+00 5.014741420745849609e-02 5.591087415814399719e-02 5.209960974752902985e-03
5.785130262374877930e-01 -7.648544311523437500e-01 7.763587951660156250e+00 5.014741420745849609e-02 5.587818473577499390e-02 5.198371130973100662e-03
5.782686471939086914e-01 -7.647926211357116699e-01 7.763655662536621094e+00 5.014741420745849609e-02 5.587818473577499390e-02 5.184538662433624268e-03
5.783191919326782227e-01 -7.646725177764892578e-01 7.763688564300537109e+00 5.014741420745849609e-02 5.588725954294204712e-02 5.171571392565965652e-03
5.785006880760192871e-01 -7.644787430763244629e-01 7.763668537139892578e+00 5.014398694038391113e-02 5.587311834096908569e-02 5.181024316698312759e-03
5.787360668182373047e-01 -7.645400762557983398e-01 7.763719558715820312e+00 5.011117458343505859e-02 5.586168542504310608e-02 5.188660230487585068e-03
5.787817835807800293e-01 -7.642023563385009766e-01 7.763767242431640625e+00 5.002589151263237000e-02 5.586897581815719604e-02 5.196001846343278885e-03
5.786961317062377930e-01 -7.636235952377319336e-01 7.763887405395507812e+00 4.992805793881416321e-02 5.588609352707862854e-02 5.196428857743740082e-03
5.785065293312072754e-01 -7.623616456985473633e-01 7.763834953308105469e+00 4.986412823200225830e-02 5.589268356561660767e-02 5.197261460125446320e-03
5.785551667213439941e-01 -7.610808610916137695e-01 7.763831138610839844e+00 4.981970414519309998e-02 5.589268356561660767e-02 5.206627305597066879e-03
5.786358714103698730e-01 -7.609522342681884766e-01 7.763988494873046875e+00 4.978911206126213074e-02 5.589268356561660767e-02 5.198162980377674103e-03
5.787447690963745117e-01 -7.609522342681884766e-01 7.764254093170166016e+00 4.978786781430244446e-02 5.589878559112548828e-02 5.194250959903001785e-03
5.788543820381164551e-01 -7.609522342681884766e-01 7.764353752136230469e+00 4.978786781430244446e-02 5.591639503836631775e-02 5.192555487155914307e-03
5.789338946342468262e-01 -7.609522342681884766e-01 7.764438629150390625e+00 4.978786781430244446e-02 5.592804774641990662e-02 5.193271674215793610e-03
5.790354609489440918e-01 -7.610084414482116699e-01 7.764620304107666016e+00 4.978786781430244446e-02 5.592145770788192749e-02 5.193675868213176727e-03
5.792080760002136230e-01 -7.613573670387268066e-01 7.764629364013671875e+00 4.977694898843765259e-02 5.592145770788192749e-02 5.194577388465404510e-03
5.794820785522460938e-01 -7.617817521095275879e-01 7.764629364013671875e+00 4.977100715041160583e-02 5.592312291264533997e-02 5.193349439650774002e-03
5.795617699623107910e-01 -7.623033523559570312e-01 7.764629364013671875e+00 4.976958781480789185e-02 5.594114586710929871e-02 5.192229524254798889e-03
5.796191096305847168e-01 -7.623033523559570312e-01 7.765153408050537109e+00 4.976820573210716248e-02 5.596170574426651001e-02 5.190080963075160980e-03
5.797792077064514160e-01 -7.623033523559570312e-01 7.765697002410888672e+00 4.976709187030792236e-02 5.598719790577888489e-02 5.186398979276418686e-03
5.797792077064514160e-01 -7.621411681175231934e-01 7.765977859497070312e+00 4.976570233702659607e-02 5.601918324828147888e-02 5.189403425902128220e-03
5.797792077064514160e-01 -7.619884014129638672e-01 7.765915870666503906e+00 4.977055266499519348e-02 5.604740977287292480e-02 5.191551987081766129e-03
5.800594091415405273e-01 -7.618907094001770020e-01 7.765685081481933594e+00 4.977561533451080322e-02 5.609662085771560669e-02 5.187792703509330750e-03
5.804373025894165039e-01 -7.619997859001159668e-01 7.765127182006835938e+00 4.978125914931297302e-02 5.613438412547111511e-02 5.181551445275545120e-03
5.804373025894165039e-01 -7.621031999588012695e-01 7.764740943908691406e+00 4.977377504110336304e-02 5.613438412547111511e-02 5.181590095162391663e-03
5.804373025894165039e-01 -7.622674107551574707e-01 7.764533996582031250e+00 4.976989328861236572e-02 5.613438412547111511e-02 5.182306282222270966e-03
5.802918672561645508e-01 -7.624032497406005859e-01 7.764491081237792969e+00 4.976372048258781433e-02 5.613533407449722290e-02 5.188468843698501587e-03
5.802007913589477539e-01 -7.623551487922668457e-01 7.764283180236816406e+00 4.975304752588272095e-02 5.613767355680465698e-02 5.180828273296356201e-03
5.800189971923828125e-01 -7.621771097183227539e-01 7.764404296875000000e+00 4.973801597952842712e-02 5.613930895924568176e-02 5.177431274205446243e-03
5.799800753593444824e-01 -7.619475126266479492e-01 7.764482021331787109e+00 4.971961677074432373e-02 5.614041164517402649e-02 5.187655799090862274e-03
5.800600051879882812e-01 -7.619677782058715820e-01 7.764608383178710938e+00 4.972305148839950562e-02 5.614496767520904541e-02 5.175760947167873383e-03
5.801619291305541992e-01 -7.620158195495605469e-01 7.764035224914550781e+00 4.972305148839950562e-02 5.613972991704940796e-02 5.165225826203823090e-03
5.800103545188903809e-01 -7.620435357093811035e-01 7.763593196868896484e+00 4.972305148839950562e-02 5.613212659955024719e-02 5.170749966055154800e-03
5.798587203025817871e-01 -7.620868682861328125e-01 7.763603687286376953e+00 4.972305148839950562e-02 5.612634867429733276e-02 5.177858285605907440e-03
5.799083709716796875e-01 -7.622689008712768555e-01 7.763376712799072266e+00 4.973310977220535278e-02 5.612358450889587402e-02 5.192778538912534714e-03
5.798059701919555664e-01 -7.624400258064270020e-01 7.763258457183837891e+00 4.976925626397132874e-02 5.611296743154525757e-02 5.203566513955593109e-03
5.797270536422729492e-01 -7.625330686569213867e-01 7.763105392456054688e+00 4.980058968067169189e-02 5.610433965921401978e-02 5.204814486205577850e-03
5.796657204627990723e-01 -7.627250552177429199e-01 7.763105392456054688e+00 4.981939867138862610e-02 5.610867217183113098e-02 5.202895030379295349e-03
5.797096490859985352e-01 -7.631369829177856445e-01 7.763131618499755859e+00 4.984927549958229065e-02 5.610867217183113098e-02 5.206626839935779572e-03
5.797483921051025391e-01 -7.635669112205505371e-01 7.762844562530517578e+00 4.990975558757781982e-02 5.610867217183113098e-02 5.207537673413753510e-03
5.797967910766601562e-01 -7.639520764350891113e-01 7.762591361999511719e+00 4.997279867529869080e-02 5.611203238368034363e-02 5.208634771406650543e-03
5.798513293266296387e-01 -7.642422318458557129e-01 7.762388229370117188e+00 5.002095550298690796e-02 5.612019076943397522e-02 5.210157949477434158e-03
5.799191594123840332e-01 -7.643859982490539551e-01 7.762273788452148438e+00 5.007424205541610718e-02 5.611203238368034363e-02 5.212771706283092499e-03
5.800331830978393555e-01 -7.647333145141601562e-01 7.762157440185546875e+00 5.014057829976081848e-02 5.610676109790802002e-02 5.216405261307954788e-03
5.802875757217407227e-01 -7.646707892417907715e-01 7.762052059173583984e+00 5.014057829976081848e-02 5.612411350011825562e-02 5.214349832385778427e-03
5.806008577346801758e-01 -7.651336193084716797e-01 7.761912822723388672e+00 5.014057829976081848e-02 5.613869056105613708e-02 5.213522817939519882e-03
5.805553197860717773e-01 -7.656838893890380859e-01 7.761799335479736328e+00 5.014057829976081848e-02 5.614549666643142700e-02 5.213522817939519882e-03
5.804327726364135742e-01 -7.656838893890380859e-01 7.761819362640380859e+00 5.014057829976081848e-02 5.615345761179924011e-02 5.213522817939519882e-03
5.806829333305358887e-01 -7.656838893890380859e-01 7.761857986450195312e+00 5.014057829976081848e-02 5.615822225809097290e-02 5.211944226175546646e-03
5.811065435409545898e-01 -7.656838893890380859e-01 7.761943817138671875e+00 5.014057829976081848e-02 5.616779625415802002e-02 5.206534173339605331e-03
5.816762447357177734e-01 -7.656838893890380859e-01 7.762077808380126953e+00 5.017659068107604980e-02 5.617918819189071655e-02 5.196552723646163940e-03
5.816600322723388672e-01 -7.660814523696899414e-01 7.761912822723388672e+00 5.020209029316902161e-02 5.617918819189071655e-02 5.199192091822624207e-03
5.816600322723388672e-01 -7.663693428039550781e-01 7.761789798736572266e+00 5.022126063704490662e-02 5.617918819189071655e-02 5.202311091125011444e-03
5.816600322723388672e-01 -7.666018605232238770e-01 7.761641979217529297e+00 5.024054273962974548e-02 5.617884546518325806e-02 5.213148891925811768e-03
5.821747779846191406e-01 -7.668050527572631836e-01 7.761641979217529297e+00 5.021907761693000793e-02 5.617297440767288208e-02 5.204402375966310501e-03
5.826153159141540527e-01 -7.669234871864318848e-01 7.761641979217529297e+00 5.022519454360008240e-02 5.616365745663642883e-02 5.192612763494253159e-03
5.830374956130981445e-01 -7.666575312614440918e-01 7.761670112609863281e+00 5.022815614938735962e-02 5.615429580211639404e-02 5.192101001739501953e-03
5.828458666801452637e-01 -7.663587331771850586e-01 7.761929988861083984e+00 5.023489519953727722e-02 5.615470558404922485e-02 5.194254685193300247e-03
5.824922323226928711e-01 -7.660708427429199219e-01 7.762698650360107422e+00 5.023991316556930542e-02 5.615937709808349609e-02 5.193904507905244827e-03
5.820904374122619629e-01 -7.657017707824707031e-01 7.763506889343261719e+00 5.024683848023414612e-02 5.615470558404922485e-02 5.179154686629772186e-03
5.815757513046264648e-01 -7.657983899116516113e-01 7.763628959655761719e+00 5.027518793940544128e-02 5.614653974771499634e-02 5.164150148630142212e-03
5.809687376022338867e-01 -7.659292221069335938e-01 7.763628959655761719e+00 5.029861629009246826e-02 5.613753944635391235e-02 5.154870916157960892e-03
5.805081725120544434e-01 -7.660531401634216309e-01 7.763628959655761719e+00 5.031333118677139282e-02 5.613007023930549622e-02 5.155518651008605957e-03
5.802837610244750977e-01 -7.662239074707031250e-01 7.763628959655761719e+00 5.031423270702362061e-02 5.612145364284515381e-02 5.161632318049669266e-03
5.803998112678527832e-01 -7.662239074707031250e-01 7.763718128204345703e+00 5.031423270702362061e-02 5.612116307020187378e-02 5.160314030945301056e-03
5.805033445358276367e-01 -7.662239074707031250e-01 7.763642787933349609e+00 5.031423270702362061e-02 5.611221864819526672e-02 5.159527063369750977e-03
5.803530812263488770e-01 -7.661140561103820801e-01 7.763222694396972656e+00 5.031423270702362061e-02 5.611221864819526672e-02 5.163393449038267136e-03
5.803449153900146484e-01 -7.660380005836486816e-01 7.763126373291015625e+00 5.031409114599227905e-02 5.611447244882583618e-02 5.159778520464897156e-03
5.803784132003784180e-01 -7.658700942993164062e-01 7.763224124908447266e+00 5.031069368124008179e-02 5.611675605177879333e-02 5.157370585948228836e-03
5.804622173309326172e-01 -7.653408050537109375e-01 7.763127326965332031e+00 5.029689893126487732e-02 5.611301213502883911e-02 5.154031794518232346e-03
5.805190801620483398e-01 -7.654821872711181641e-01 7.762915611267089844e+00 5.028456822037696838e-02 5.611404031515121460e-02 5.155096761882305145e-03
5.806291699409484863e-01 -7.654821872711181641e-01 7.762965202331542969e+00 5.024533346295356750e-02 5.611682683229446411e-02 5.145796108990907669e-03
5.808728933334350586e-01 -7.654821872711181641e-01 7.763020992279052734e+00 5.017903819680213928e-02 5.611780285835266113e-02 5.129796918481588364e-03
5.808413028717041016e-01 -7.656103372573852539e-01 7.763094902038574219e+00 5.020193755626678467e-02 5.611922964453697205e-02 5.129796918481588364e-03
5.805801749229431152e-01 -7.650739550590515137e-01 7.762885570526123047e+00 5.012377724051475525e-02 5.611510202288627625e-02 5.129796918481588364e-03
5.805140137672424316e-01 -7.648071050643920898e-01 7.762885570526123047e+00 5.002966523170471191e-02 5.611650645732879639e-02 5.116458050906658173e-03
5.805546045303344727e-01 -7.641843557357788086e-01 7.762885570526123047e+00 4.992367327213287354e-02 5.611892417073249817e-02 5.120660178363323212e-03
5.805438160896301270e-01 -7.636204957962036133e-01 7.762936115264892578e+00 4.981644824147224426e-02 5.612386018037796021e-02 5.132519640028476715e-03
5.805438160896301270e-01 -7.631978988647460938e-01 7.763106822967529297e+00 4.977110400795936584e-02 5.612248927354812622e-02 5.126022268086671829e-03
5.805438160896301270e-01 -7.631863355636596680e-01 7.763033866882324219e+00 4.977110400795936584e-02 5.612248927354812622e-02 5.137881729751825333e-03
5.806025266647338867e-01 -7.632003426551818848e-01 7.762900829315185547e+00 4.977798461914062500e-02 5.612070485949516296e-02 5.145756993442773819e-03
5.807372331619262695e-01 -7.632986903190612793e-01 7.762836456298828125e+00 4.979332536458969116e-02 5.611892417073249817e-02 5.150366574525833130e-03
5.806869268417358398e-01 -7.636399269104003906e-01 7.763121604919433594e+00 4.983845353126525879e-02 5.611618608236312866e-02 5.155087448656558990e-03
5.806618928909301758e-01 -7.641839385032653809e-01 7.763604640960693359e+00 4.990693181753158569e-02 5.611350387334823608e-02 5.162570625543594360e-03
5.805748701095581055e-01 -7.642267346382141113e-01 7.763404369354248047e+00 4.993997141718864441e-02 5.610857903957366943e-02 5.175675265491008759e-03
5.804643034934997559e-01 -7.644205093383789062e-01 7.764047622680664062e+00 4.993997141718864441e-02 5.609492585062980652e-02 5.194234661757946014e-03
5.801452398300170898e-01 -7.641656398773193359e-01 7.764047145843505859e+00 4.993316903710365295e-02 5.605146288871765137e-02 5.208773072808980942e-03
5.795539021492004395e-01 -7.640721201896667480e-01 7.763972759246826172e+00 4.990636557340621948e-02 5.600847303867340088e-02 5.219767801463603973e-03
5.795539021492004395e-01 -7.639603018760681152e-01 7.763767719268798828e+00 4.984313994646072388e-02 5.600482970476150513e-02 5.218879785388708115e-03
5.795539021492004395e-01 -7.637299895286560059e-01 7.763411521911621094e+00 4.978217184543609619e-02 5.600482970476150513e-02 5.215586163103580475e-03
5.795539021492004395e-01 -7.637299895286560059e-01 7.763045310974121094e+00 4.977342113852500916e-02 5.600482970476150513e-02 5.209339316934347153e-03
5.795539021492004395e-01 -7.638109326362609863e-01 7.762579917907714844e+00 4.977984353899955750e-02 5.600482970476150513e-02 5.205497145652770996e-03
5.796057581901550293e-01 -7.636037468910217285e-01 7.762266159057617188e+00 4.979502037167549133e-02 5.600482970476150513e-02 5.200591403990983963e-03
5.798805952072143555e-01 -7.633710503578186035e-01 7.762149810791015625e+00 4.982914403080940247e-02 5.600482970476150513e-02 5.197496619075536728e-03
5.793154835700988770e-01 -7.637562155723571777e-01 7.762149810791015625e+00 4.986831173300743103e-02 5.600482970476150513e-02 5.215841345489025116e-03
5.779538154602050781e-01 -7.645919322967529297e-01 7.762458801269531250e+00 4.989817366003990173e-02 5.597090721130371094e-02 5.225902888923883438e-03
5.784324407577514648e-01 -7.647255063056945801e-01 7.762516498565673828e+00 4.990041628479957581e-02 5.597119033336639404e-02 5.228849127888679504e-03
5.789427161216735840e-01 -7.648651003837585449e-01 7.762432575225830078e+00 4.990448802709579468e-02 5.597119033336639404e-02 5.231299437582492828e-03
5.795986652374267578e-01 -7.650839090347290039e-01 7.762330532073974609e+00 4.992461949586868286e-02 5.596754699945449829e-02 5.232276860624551773e-03
5.794464945793151855e-01 -7.650839090347290039e-01 7.762432575225830078e+00 4.992306232452392578e-02 5.600425601005554199e-02 5.210967268794775009e-03
5.791161656379699707e-01 -7.650839090347290039e-01 7.762516021728515625e+00 4.992306232452392578e-02 5.603677779436111450e-02 5.189615301787853241e-03
5.794912576675415039e-01 -7.650839090347290039e-01 7.762824535369873047e+00 4.992387071251869202e-02 5.604877322912216187e-02 5.205798428505659103e-03
5.796167254447937012e-01 -7.650839090347290039e-01 7.762824535369873047e+00 4.995571076869964600e-02 5.605202168226242065e-02 5.201000720262527466e-03
5.796167254447937012e-01 -7.650839090347290039e-01 7.762824535369873047e+00 4.995856061577796936e-02 5.605608224868774414e-02 5.201000720262527466e-03
5.796167254447937012e-01 -7.650550603866577148e-01 7.762799263000488281e+00 4.998128116130828857e-02 5.605608224868774414e-02 5.200212355703115463e-03
5.797669887542724609e-01 -7.652025222778320312e-01 7.762742042541503906e+00 5.004144459962844849e-02 5.605608224868774414e-02 5.221711471676826477e-03
5.798981189727783203e-01 -7.651645541191101074e-01 7.762505531311035156e+00 5.011894553899765015e-02 5.605608224868774414e-02 5.219640210270881653e-03
5.801253914833068848e-01 -7.651166915893554688e-01 7.762762069702148438e+00 5.012618377804756165e-02 5.607147514820098877e-02 5.214201286435127258e-03
5.802671909332275391e-01 -7.651969194412231445e-01 7.762991905212402344e+00 5.014679580926895142e-02 5.609190836548805237e-02 5.210014991462230682e-03
5.802802443504333496e-01 -7.651536464691162109e-01 7.763407230377197266e+00 5.012911558151245117e-02 5.610817670822143555e-02 5.195169709622859955e-03
5.802802443504333496e-01 -7.651846408843994141e-01 7.763301372528076172e+00 5.008553713560104370e-02 5.610749498009681702e-02 5.179345607757568359e-03
5.803350210189819336e-01 -7.651983499526977539e-01 7.763136863708496094e+00 5.008047819137573242e-02 5.610759183764457703e-02 5.184142850339412689e-03
5.804762840270996094e-01 -7.651628851890563965e-01 7.763242721557617188e+00 5.008047819137573242e-02 5.611142888665199280e-02 5.184142850339412689e-03
5.804403424263000488e-01 -7.651628851890563965e-01 7.763360023498535156e+00 5.008047819137573242e-02 5.611142888665199280e-02 5.184142850339412689e-03
5.803889036178588867e-01 -7.651628851890563965e-01 7.763466835021972656e+00 5.008047819137573242e-02 5.611142888665199280e-02 5.184142850339412689e-03
5.803565979003906250e-01 -7.651886940002441406e-01 7.763301372528076172e+00 5.009314417839050293e-02 5.611142888665199280e-02 5.187709350138902664e-03
5.803207159042358398e-01 -7.652145028114318848e-01 7.763136863708496094e+00 5.011302977800369263e-02 5.611142888665199280e-02 5.199967417865991592e-03
5.804403424263000488e-01 -7.653119564056396484e-01 7.762946605682373047e+00 5.013244599103927612e-02 5.610630288720130920e-02 5.187296308577060699e-03
5.803110599517822266e-01 -7.655268311500549316e-01 7.762758731842041016e+00 5.015396699309349060e-02 5.609808862209320068e-02 5.202058702707290649e-03
5.804113149642944336e-01 -7.655268311500549316e-01 7.762877464294433594e+00 5.015396699309349060e-02 5.607865378260612488e-02 5.197515245527029037e-03
5.802211165428161621e-01 -7.655268311500549316e-01 7.762943267822265625e+00 5.015396699309349060e-02 5.606450885534286499e-02 5.192899145185947418e-03
5.800679326057434082e-01 -7.655268311500549316e-01 7.762900829315185547e+00 5.015086755156517029e-02 5.604596808552742004e-02 5.183955654501914978e-03
5.800784826278686523e-01 -7.655268311500549316e-01 7.762900829315185547e+00 5.013772845268249512e-02 5.601767450571060181e-02 5.178696941584348679e-03
5.800792574882507324e-01 -7.655268311500549316e-01 7.762866497039794922e+00 5.012670531868934631e-02 5.600824952125549316e-02 5.174713209271430969e-03
5.800921320915222168e-01 -7.656239271163940430e-01 7.762825012207031250e+00 5.009772256016731262e-02 5.600824952125549316e-02 5.167379043996334076e-03
5.800382494926452637e-01 -7.656120061874389648e-01 7.762881278991699219e+00 5.004558339715003967e-02 5.600824952125549316e-02 5.162324756383895874e-03
5.800065398216247559e-01 -7.655411958694458008e-01 7.762915611267089844e+00 5.007817596197128296e-02 5.600824952125549316e-02 5.178007762879133224e-03
5.800269246101379395e-01 -7.656110525131225586e-01 7.762930393218994141e+00 5.011082813143730164e-02 5.600824952125549316e-02 5.200481507927179337e-03
5.800584554672241211e-01 -7.656568288803100586e-01 7.762959003448486328e+00 5.014735460281372070e-02 5.600824952125549316e-02 5.220605060458183289e-03
5.799959897994995117e-01 -7.655651569366455078e-01 7.762784957885742188e+00 5.009257048368453979e-02 5.600824952125549316e-02 5.201242864131927490e-03
5.799631476402282715e-01 -7.653335332870483398e-01 7.762813568115234375e+00 5.000711977481842041e-02 5.601327493786811829e-02 5.182125139981508255e-03
5.799462199211120605e-01 -7.651890516281127930e-01 7.762916088104248047e+00 4.991584643721580505e-02 5.602885037660598755e-02 5.169235635548830032e-03
5.799401998519897461e-01 -7.650519013404846191e-01 7.763044357299804688e+00 4.990258812904357910e-02 5.605743452906608582e-02 5.169235635548830032e-03
5.799217224121093750e-01 -7.650519013404846191e-01 7.763261318206787109e+00 4.990258812904357910e-02 5.608192086219787598e-02 5.161764100193977356e-03
5.799401998519897461e-01 -7.650519013404846191e-01 7.763188362121582031e+00 4.990258812904357910e-02 5.609732121229171753e-02 5.160248372703790665e-03
5.799729824066162109e-01 -7.650961279869079590e-01 7.763143062591552734e+00 4.991179704666137695e-02 5.609732121229171753e-02 5.160638131201267242e-03
5.800595283508300781e-01 -7.651618719100952148e-01 7.763024330139160156e+00 4.993065074086189270e-02 5.609732121229171753e-02 5.161544773727655411e-03
5.799614191055297852e-01 -7.652440071105957031e-01 7.762896060943603516e+00 4.995967075228691101e-02 5.609732121229171753e-02 5.163963884115219116e-03
5.798910856246948242e-01 -7.654274106025695801e-01 7.763289451599121094e+00 5.002493038773536682e-02 5.610381066799163818e-02 5.173079203814268112e-03
5.798372030258178711e-01 -7.654274106025695801e-01 7.763591766357421875e+00 5.002684146165847778e-02 5.611242353916168213e-02 5.173079203814268112e-03
5.797250866889953613e-01 -7.655575275421142578e-01 7.763782501220703125e+00 5.002684146165847778e-02 5.612139403820037842e-02 5.173079203814268112e-03
5.795264244079589844e-01 -7.656890153884887695e-01 7.763768672943115234e+00 5.002684146165847778e-02 5.612717196345329285e-02 5.173079203814268112e-03
5.796493887901306152e-01 -7.659311890602111816e-01 7.763719558715820312e+00 5.001358315348625183e-02 5.612139403820037842e-02 5.170005373656749725e-03
5.797114968299865723e-01 -7.663411498069763184e-01 7.763537883758544922e+00 4.997842013835906982e-02 5.611242353916168213e-02 5.164041183888912201e-03
5.797127485275268555e-01 -7.662865519523620605e-01 7.763620376586914062e+00 4.996922239661216736e-02 5.610381066799163818e-02 5.170005373656749725e-03
5.797824859619140625e-01 -7.661858201026916504e-01 7.763799667358398438e+00 4.997341334819793701e-02 5.610398948192596436e-02 5.163362715393304825e-03
5.797914266586303711e-01 -7.662050127983093262e-01 7.763951301574707031e+00 4.997681826353073120e-02 5.610720068216323853e-02 5.159545224159955978e-03
5.799117088317871094e-01 -7.661927938461303711e-01 7.764194965362548828e+00 4.998981952667236328e-02 5.611398071050643921e-02 5.156668834388256073e-03
5.803029537200927734e-01 -7.663318514823913574e-01 7.764448165893554688e+00 5.002210661768913269e-02 5.612140893936157227e-02 5.157243460416793823e-03
5.804137587547302246e-01 -7.663318514823913574e-01 7.764529705047607422e+00 5.000815540552139282e-02 5.612722039222717285e-02 5.156069528311491013e-03
5.803440213203430176e-01 -7.662555575370788574e-01 7.764345169067382812e+00 4.999413713812828064e-02 5.613415315747261047e-02 5.152672994881868362e-03
5.803185701370239258e-01 -7.661514878273010254e-01 7.763959884643554688e+00 4.998113587498664856e-02 5.613199621438980103e-02 5.154211074113845825e-03
5.804737806320190430e-01 -7.660437226295471191e-01 7.763460159301757812e+00 4.997112601995468140e-02 5.613195151090621948e-02 5.144235212355852127e-03
5.805882811546325684e-01 -7.660799622535705566e-01 7.763866901397705078e+00 4.995873197913169861e-02 5.613108724355697632e-02 5.132484249770641327e-03
5.808169245719909668e-01 -7.660799622535705566e-01 7.764235019683837891e+00 4.995873197913169861e-02 5.613108724355697632e-02 5.132484249770641327e-03
5.806332826614379883e-01 -7.660986185073852539e-01 7.764223575592041016e+00 4.996060580015182495e-02 5.612875521183013916e-02 5.132484249770641327e-03
5.805830955505371094e-01 -7.660093903541564941e-01 7.764076709747314453e+00 4.996772110462188721e-02 5.612784624099731445e-02 5.132126156240701675e-03
5.810315608978271484e-01 -7.660734653472900391e-01 7.763976573944091797e+00 4.997132718563079834e-02 5.612364783883094788e-02 5.138559266924858093e-03
5.815448760986328125e-01 -7.661255598068237305e-01 7.763915538787841797e+00 4.997494816780090332e-02 5.611869692802429199e-02 5.147164687514305115e-03
5.816417336463928223e-01 -7.660363316535949707e-01 7.763896465301513672e+00 4.997494816780090332e-02 5.611302331089973450e-02 5.154145415872335434e-03
5.819346904754638672e-01 -7.659248113632202148e-01 7.763795852661132812e+00 4.997494816780090332e-02 5.610740557312965393e-02 5.155985243618488312e-03
5.822071433067321777e-01 -7.658047676086425781e-01 7.763903617858886719e+00 4.996604844927787781e-02 5.609985440969467163e-02 5.154145415872335434e-03
5.824487209320068359e-01 -7.657169103622436523e-01 7.763957023620605469e+00 4.993381723761558533e-02 5.611061304807662964e-02 5.148820579051971436e-03
5.826093554496765137e-01 -7.654811739921569824e-01 7.763807296752929688e+00 4.988529905676841736e-02 5.611463636159896851e-02 5.154859274625778198e-03
5.828075408935546875e-01 -7.645550966262817383e-01 7.763418197631835938e+00 4.984481632709503174e-02 5.611630901694297791e-02 5.158917047083377838e-03
5.831018090248107910e-01 -7.634015679359436035e-01 7.762929439544677734e+00 4.981270432472229004e-02 5.611630901694297791e-02 5.155608523637056351e-03
5.834555029869079590e-01 -7.624495029449462891e-01 7.762526035308837891e+00 4.977276176214218140e-02 5.611630901694297791e-02 5.153084173798561096e-03
5.833693146705627441e-01 -7.617094516754150391e-01 7.762740135192871094e+00 4.971972852945327759e-02 5.611630901694297791e-02 5.161211360245943069e-03
5.832355618476867676e-01 -7.618736028671264648e-01 7.762844085693359375e+00 4.969099909067153931e-02 5.611630901694297791e-02 5.160346161574125290e-03
5.830363631248474121e-01 -7.622305750846862793e-01 7.762920856475830078e+00 4.972484335303306580e-02 5.611103400588035583e-02 5.166807677596807480e-03
5.828288197517395020e-01 -7.623494863510131836e-01 7.763015270233154297e+00 4.975306615233421326e-02 5.610158294439315796e-02 5.166807677596807480e-03
5.826286673545837402e-01 -7.625473737716674805e-01 7.762920856475830078e+00 4.976152256131172180e-02 5.608372762799263000e-02 5.171629600226879120e-03
5.824598670005798340e-01 -7.625473737716674805e-01 7.762719154357910156e+00 4.976657405495643616e-02 5.606310814619064331e-02 5.175282247364521027e-03
5.822926163673400879e-01 -7.625473737716674805e-01 7.762320041656494141e+00 4.977338761091232300e-02 5.604968592524528503e-02 5.179576110094785690e-03
5.820822715759277344e-01 -7.624537944793701172e-01 7.761839389801025391e+00 4.978089779615402222e-02 5.603900924324989319e-02 5.184502340853214264e-03
5.817584991455078125e-01 -7.627894282341003418e-01 7.762131690979003906e+00 4.977486655116081238e-02 5.603373423218727112e-02 5.181551445275545120e-03
5.811192989349365234e-01 -7.635427713394165039e-01 7.762469291687011719e+00 4.980696365237236023e-02 5.602828413248062134e-02 5.180398933589458466e-03
5.807486176490783691e-01 -7.641401886940002441e-01 7.762699604034423828e+00 4.990171268582344055e-02 5.603594332933425903e-02 5.179900210350751877e-03
5.806389451026916504e-01 -7.646756768226623535e-01 7.762771129608154297e+00 4.994038492441177368e-02 5.602456256747245789e-02 5.179209634661674500e-03
5.806389451026916504e-01 -7.656008601188659668e-01 7.762516498565673828e+00 4.996933788061141968e-02 5.602080002427101135e-02 5.179733969271183014e-03
5.806349515914916992e-01 -7.665660381317138672e-01 7.762131690979003906e+00 4.999152570962905884e-02 5.601105093955993652e-02 5.180105101317167282e-03
5.805116295814514160e-01 -7.671509385108947754e-01 7.761755466461181641e+00 5.005170404911041260e-02 5.599611252546310425e-02 5.180565640330314636e-03
5.802285671234130859e-01 -7.675440907478332520e-01 7.762132644653320312e+00 5.012114346027374268e-02 5.599611252546310425e-02 5.180271342396736145e-03
5.799114108085632324e-01 -7.675718069076538086e-01 7.762473583221435547e+00 5.012301728129386902e-02 5.597743391990661621e-02 5.179900210350751877e-03
5.795961618423461914e-01 -7.675718069076538086e-01 7.762707233428955078e+00 5.012301728129386902e-02 5.595802888274192810e-02 5.181462969630956650e-03
5.791571140289306641e-01 -7.674998044967651367e-01 7.762492179870605469e+00 5.010833591222763062e-02 5.593876913189888000e-02 5.186523776501417160e-03
5.788073539733886719e-01 -7.673806548118591309e-01 7.762130260467529297e+00 5.007892102003097534e-02 5.591962859034538269e-02 5.184523295611143112e-03
5.788073539733886719e-01 -7.672692537307739258e-01 7.761624336242675781e+00 5.003762617707252502e-02 5.589656159281730652e-02 5.183395929634571075e-03
5.786787271499633789e-01 -7.670671939849853516e-01 7.761918067932128906e+00 5.000471323728561401e-02 5.591448396444320679e-02 5.180271342396736145e-03
5.786713957786560059e-01 -7.666828036308288574e-01 7.762207508087158203e+00 4.998344928026199341e-02 5.592346936464309692e-02 5.178966559469699860e-03
5.786398053169250488e-01 -7.661461830139160156e-01 7.762613296508789062e+00 4.996933788061141968e-02 5.592946708202362061e-02 5.175892263650894165e-03
5.786713957786560059e-01 -7.656328678131103516e-01 7.762645244598388672e+00 4.994347319006919861e-02 5.594092607498168945e-02 5.172465927898883820e-03
5.786898732185363770e-01 -7.649706602096557617e-01 7.762497425079345703e+00 4.989936202764511108e-02 5.595831573009490967e-02 5.170415155589580536e-03
5.787076354026794434e-01 -7.641848325729370117e-01 7.762638568878173828e+00 4.985543340444564819e-02 5.597290769219398499e-02 5.169326905161142349e-03
5.787830352783203125e-01 -7.639629244804382324e-01 7.762683868408203125e+00 4.982955381274223328e-02 5.598444119095802307e-02 5.167221650481224060e-03
5.789245367050170898e-01 -7.638217210769653320e-01 7.762603759765625000e+00 4.982955381274223328e-02 5.600288510322570801e-02 5.169078707695007324e-03
5.789901614189147949e-01 -7.637965083122253418e-01 7.762447357177734375e+00 4.982955381274223328e-02 5.602111294865608215e-02 5.169351119548082352e-03
5.790492296218872070e-01 -7.637965083122253418e-01 7.762603759765625000e+00 4.982955381274223328e-02 5.603018775582313538e-02 5.170071963220834732e-03
5.792367458343505859e-01 -7.637965083122253418e-01 7.762758255004882812e+00 4.982955381274223328e-02 5.603839829564094543e-02 5.170415155589580536e-03
5.793688893318176270e-01 -7.637965083122253418e-01 7.762666225433349609e+00 4.982955381274223328e-02 5.603839829564094543e-02 5.170651711523532867e-03
5.792942047119140625e-01 -7.634875774383544922e-01 7.762758255004882812e+00 4.982955381274223328e-02 5.603788793087005615e-02 5.171123892068862915e-03
5.792942047119140625e-01 -7.634106874465942383e-01 7.762986660003662109e+00 4.982955381274223328e-02 5.603686720132827759e-02 5.172241944819688797e-03
5.792942047119140625e-01 -7.634571790695190430e-01 7.763206005096435547e+00 4.984404891729354858e-02 5.603254213929176331e-02 5.175660364329814911e-03
5.792773962020874023e-01 -7.636247277259826660e-01 7.763042449951171875e+00 4.991042986512184143e-02 5.603264644742012024e-02 5.180463194847106934e-03
5.794394016265869141e-01 -7.634722590446472168e-01 7.762899398803710938e+00 4.997631534934043884e-02 5.603639781475067139e-02 5.180304870009422302e-03
5.795199275016784668e-01 -7.634258270263671875e-01 7.763145446777343750e+00 4.999392479658126831e-02 5.604792386293411255e-02 5.179423373192548752e-03
5.795100927352905273e-01 -7.637355923652648926e-01 7.763223648071289062e+00 4.999392479658126831e-02 5.606383085250854492e-02 5.179175175726413727e-03
5.794843435287475586e-01 -7.639217972755432129e-01 7.763321876525878906e+00 4.999392479658126831e-02 5.608838424086570740e-02 5.180458538234233856e-03
5.794588327407836914e-01 -7.639957070350646973e-01 7.763241291046142578e+00 4.999392479658126831e-02 5.611061677336692810e-02 5.182870198041200638e-03
5.795294642448425293e-01 -7.640873789787292480e-01 7.763183116912841797e+00 4.999392479658126831e-02 5.610495805740356445e-02 5.185161717236042023e-03
5.795899033546447754e-01 -7.642043828964233398e-01 7.763106346130371094e+00 4.999392479658126831e-02 5.608933418989181519e-02 5.187842994928359985e-03
5.796558260917663574e-01 -7.641955614089965820e-01 7.763073444366455078e+00 4.999392479658126831e-02 5.609741806983947754e-02 5.196440033614635468e-03
5.796732902526855469e-01 -7.641724348068237305e-01 7.763268470764160156e+00 4.998998716473579407e-02 5.610034614801406860e-02 5.196440033614635468e-03
5.797566175460815430e-01 -7.640850543975830078e-01 7.763572216033935547e+00 4.998252168297767639e-02 5.610034614801406860e-02 5.196440033614635468e-03
5.799195170402526855e-01 -7.641724348068237305e-01 7.763856410980224609e+00 4.997375234961509705e-02 5.610034614801406860e-02 5.196440033614635468e-03
5.801953673362731934e-01 -7.643351554870605469e-01 7.763825416564941406e+00 4.995718225836753845e-02 5.610119551420211792e-02 5.193175747990608215e-03
5.804308652877807617e-01 -7.642224431037902832e-01 7.763638496398925781e+00 4.993892833590507507e-02 5.609134212136268616e-02 5.184683017432689667e-03
5.805798172950744629e-01 -7.641340494155883789e-01 7.763172149658203125e+00 4.992694035172462463e-02 5.607450380921363831e-02 5.179465282708406448e-03
5.805338025093078613e-01 -7.642266154289245605e-01 7.763028621673583984e+00 4.990801215171813965e-02 5.606918781995773315e-02 5.176236853003501892e-03
5.806491374969482422e-01 -7.643267512321472168e-01 7.762839317321777344e+00 4.990801215171813965e-02 5.606918781995773315e-02 5.176236853003501892e-03
5.807703137397766113e-01 -7.644186615943908691e-01 7.763022422790527344e+00 4.990801215171813965e-02 5.606918781995773315e-02 5.176236853003501892e-03
5.811327695846557617e-01 -7.643622756004333496e-01 7.763092041015625000e+00 4.990801215171813965e-02 5.606383085250854492e-02 5.173320416361093521e-03
5.816153883934020996e-01 -7.644536495208740234e-01 7.763026714324951172e+00 4.988057166337966919e-02 5.607155337929725647e-02 5.171639844775199890e-03
5.816839933395385742e-01 -7.645585536956787109e-01 7.762884616851806641e+00 4.985237494111061096e-02 5.608135461807250977e-02 5.172543693333864212e-03
5.820008516311645508e-01 -7.648540735244750977e-01 7.762914180755615234e+00 4.983652755618095398e-02 5.608543008565902710e-02 5.173605866730213165e-03
5.820808410644531250e-01 -7.651360630989074707e-01 7.762977123260498047e+00 4.982671141624450684e-02 5.608584731817245483e-02 5.172162782400846481e-03
5.820808410644531250e-01 -7.647964954376220703e-01 7.763097286224365234e+00 4.982527345418930054e-02 5.608209595084190369e-02 5.169922951608896255e-03
5.820398330688476562e-01 -7.645761966705322266e-01 7.763015270233154297e+00 4.982525855302810669e-02 5.607868731021881104e-02 5.164805799722671509e-03
5.818989872932434082e-01 -7.644875645637512207e-01 7.762897491455078125e+00 4.982493072748184204e-02 5.607195571064949036e-02 5.160995759069919586e-03
5.817424654960632324e-01 -7.646595239639282227e-01 7.763065814971923828e+00 4.982523992657661438e-02 5.606033653020858765e-02 5.161516368389129639e-03
5.815792083740234375e-01 -7.649224996566772461e-01 7.763145446777343750e+00 4.982539638876914978e-02 5.604889243841171265e-02 5.162606947124004364e-03
5.814498662948608398e-01 -7.652668952941894531e-01 7.763219833374023438e+00 4.982547461986541748e-02 5.604208260774612427e-02 5.166472867131233215e-03
5.812243819236755371e-01 -7.656863927841186523e-01 7.763112068176269531e+00 4.983035847544670105e-02 5.603842437267303467e-02 5.169647280126810074e-03
5.809004306793212891e-01 -7.654172182083129883e-01 7.763006687164306641e+00 4.985471442341804504e-02 5.602996796369552612e-02 5.169408861547708511e-03
5.805614590644836426e-01 -7.651604413986206055e-01 7.762896060943603516e+00 4.986670613288879395e-02 5.601914972066879272e-02 5.168367177248001099e-03
5.803015828132629395e-01 -7.650915384292602539e-01 7.763173580169677734e+00 4.985683411359786987e-02 5.602252110838890076e-02 5.165431182831525803e-03
5.801893472671508789e-01 -7.650385499000549316e-01 7.763309478759765625e+00 4.985193908214569092e-02 5.603010207414627075e-02 5.161628592759370804e-03
5.802123546600341797e-01 -7.649986147880554199e-01 7.763386726379394531e+00 4.983846843242645264e-02 5.604197084903717041e-02 5.164452362805604935e-03
5.802555680274963379e-01 -7.649610042572021484e-01 7.763342380523681641e+00 4.982871562242507935e-02 5.605180561542510986e-02 5.166689865291118622e-03
5.801155567169189453e-01 -7.649986147880554199e-01 7.763257026672363281e+00 4.982874542474746704e-02 5.604552850127220154e-02 5.169039592146873474e-03
5.800898671150207520e-01 -7.650385499000549316e-01 7.762918949127197266e+00 4.983257129788398743e-02 5.602662265300750732e-02 5.170505028218030930e-03
5.800898671150207520e-01 -7.651349902153015137e-01 7.762302875518798828e+00 4.985974729061126709e-02 5.600413307547569275e-02 5.171459168195724487e-03
5.800978541374206543e-01 -7.654908895492553711e-01 7.762041091918945312e+00 4.992655292153358459e-02 5.599002912640571594e-02 5.171749275177717209e-03
5.801414847373962402e-01 -7.652585506439208984e-01 7.762176036834716797e+00 4.994937404990196228e-02 5.598244816064834595e-02 5.173409823328256607e-03
5.801715850830078125e-01 -7.652186751365661621e-01 7.762323379516601562e+00 4.994937404990196228e-02 5.598244816064834595e-02 5.173318088054656982e-03
5.802635550498962402e-01 -7.649837732315063477e-01 7.762602806091308594e+00 4.993533343076705933e-02 5.598352849483489990e-02 5.173509940505027771e-03
5.804402232170104980e-01 -7.649630308151245117e-01 7.762886047363281250e+00 4.990874975919723511e-02 5.598970130085945129e-02 5.172393284738063812e-03
5.806572437286376953e-01 -7.648385167121887207e-01 7.763060569763183594e+00 4.987879469990730286e-02 5.600153654813766479e-02 5.171826574951410294e-03
5.806572437286376953e-01 -7.647687196731567383e-01 7.762839794158935547e+00 4.984881728887557983e-02 5.601803213357925415e-02 5.172262899577617645e-03
5.810045599937438965e-01 -7.648425102233886719e-01 7.762565135955810547e+00 4.984881728887557983e-02 5.601803213357925415e-02 5.172790959477424622e-03
5.812134742736816406e-01 -7.648798823356628418e-01 7.762415409088134766e+00 4.984881728887557983e-02 5.601803213357925415e-02 5.175360478460788727e-03
5.812134742736816406e-01 -7.649271488189697266e-01 7.762256622314453125e+00 4.985836520791053772e-02 5.601338297128677368e-02 5.180833861231803894e-03
5.812134742736816406e-01 -7.652804255485534668e-01 7.762049674987792969e+00 4.990235716104507446e-02 5.599740892648696899e-02 5.186060443520545959e-03
5.812134742736816406e-01 -7.664205431938171387e-01 7.762108802795410156e+00 4.997990280389785767e-02 5.597989633679389954e-02 5.189201794564723969e-03
5.811849832534790039e-01 -7.664057016372680664e-01 7.762209892272949219e+00 5.003770068287849426e-02 5.596124380826950073e-02 5.193292163312435150e-03
5.811330676078796387e-01 -7.660404443740844727e-01 7.762337684631347656e+00 5.004826188087463379e-02 5.594485625624656677e-02 5.198352970182895660e-03
5.810111165046691895e-01 -7.651377916336059570e-01 7.762351036071777344e+00 5.004653707146644592e-02 5.592828243970870972e-02 5.194698460400104523e-03
5.806534290313720703e-01 -7.647930979728698730e-01 7.762312889099121094e+00 5.004210770130157471e-02 5.590558797121047974e-02 5.192592740058898926e-03
5.809453725814819336e-01 -7.646825313568115234e-01 7.762312889099121094e+00 5.002210661768913269e-02 5.590558797121047974e-02 5.191067233681678772e-03
5.805220603942871094e-01 -7.646825313568115234e-01 7.762296199798583984e+00 5.003300309181213379e-02 5.590647459030151367e-02 5.190249998122453690e-03
5.800719857215881348e-01 -7.647061944007873535e-01 7.762212753295898438e+00 5.004148930311203003e-02 5.590559169650077820e-02 5.189435090869665146e-03
5.800070762634277344e-01 -7.650663852691650391e-01 7.761871814727783203e+00 5.005485191941261292e-02 5.588694661855697632e-02 5.189461633563041687e-03
5.799918174743652344e-01 -7.664209008216857910e-01 7.761445045471191406e+00 5.010821670293807983e-02 5.587909370660781860e-02 5.189151037484407425e-03
5.798799991607666016e-01 -7.681472897529602051e-01 7.761132240295410156e+00 5.020789429545402527e-02 5.587909370660781860e-02 5.188624374568462372e-03
5.798609852790832520e-01 -7.684447765350341797e-01 7.761095523834228516e+00 5.022611469030380249e-02 5.587909370660781860e-02 5.190198309719562531e-03
5.798609852790832520e-01 -7.683057785034179688e-01 7.761159420013427734e+00 5.021104961633682251e-02 5.587988346815109253e-02 5.192935932427644730e-03
5.798609852790832520e-01 -7.678996324539184570e-01 7.761179924011230469e+00 5.017096549272537231e-02 5.588208511471748352e-02 5.199306178838014603e-03
5.798927545547485352e-01 -7.677389383316040039e-01 7.761233806610107422e+00 5.014012008905410767e-02 5.588444322347640991e-02 5.207708105444908142e-03
5.799320936203002930e-01 -7.675629854202270508e-01 7.761463165283203125e+00 5.009559169411659241e-02 5.589336901903152466e-02 5.197771359235048294e-03
5.799982547760009766e-01 -7.675629854202270508e-01 7.761480331420898438e+00 5.009559169411659241e-02 5.589336901903152466e-02 5.190493538975715637e-03
5.799818038940429688e-01 -7.676734328269958496e-01 7.761625289916992188e+00 5.010750517249107361e-02 5.589336901903152466e-02 5.190493538975715637e-03
5.799818038940429688e-01 -7.678576111793518066e-01 7.761860370635986328e+00 5.016038194298744202e-02 5.589336901903152466e-02 5.190493538975715637e-03
5.799818038940429688e-01 -7.677947282791137695e-01 7.761612415313720703e+00 5.022685229778289795e-02 5.589336901903152466e-02 5.190493538975715637e-03
5.799818038940429688e-01 -7.676842808723449707e-01 7.761497974395751953e+00 5.024149641394615173e-02 5.589336901903152466e-02 5.194887518882751465e-03
5.799459218978881836e-01 -7.676842808723449707e-01 7.761445522308349609e+00 5.024286732077598572e-02 5.590872839093208313e-02 5.209685303270816803e-03
5.800479650497436523e-01 -7.675411701202392578e-01 7.761454582214355469e+00 5.023012682795524597e-02 5.592383071780204773e-02 5.217836238443851471e-03
5.802681446075439453e-01 -7.673896551132202148e-01 7.761442661285400391e+00 5.019987374544143677e-02 5.592949688434600830e-02 5.217687692493200302e-03
5.803633928298950195e-01 -7.669934630393981934e-01 7.761433124542236328e+00 5.018204823136329651e-02 5.594411119818687439e-02 5.219900049269199371e-03
5.804561972618103027e-01 -7.666427493095397949e-01 7.761418342590332031e+00 5.016608536243438721e-02 5.597246065735816956e-02 5.219900049269199371e-03
5.804409384727478027e-01 -7.663948535919189453e-01 7.761451721191406250e+00 5.012696608901023865e-02 5.597176402807235718e-02 5.222752690315246582e-03
5.807032585144042969e-01 -7.660466432571411133e-01 7.761451721191406250e+00 5.005654692649841309e-02 5.598526820540428162e-02 5.222170613706111908e-03
5.809525847434997559e-01 -7.660466432571411133e-01 7.761445522308349609e+00 4.998782277107238770e-02 5.599461495876312256e-02 5.220187362283468246e-03
5.810493826866149902e-01 -7.660466432571411133e-01 7.761463165283203125e+00 4.993981495499610901e-02 5.600273609161376953e-02 5.216875579208135605e-03
5.810929536819458008e-01 -7.662325501441955566e-01 7.761445522308349609e+00 4.990930482745170593e-02 5.601311475038528442e-02 5.212070886045694351e-03
5.811662077903747559e-01 -7.662968039512634277e-01 7.761409759521484375e+00 4.991653934121131897e-02 5.601990595459938049e-02 5.205934401601552963e-03
5.810649991035461426e-01 -7.663269042968750000e-01 7.761409759521484375e+00 4.994877055287361145e-02 5.602552741765975952e-02 5.199747625738382339e-03
5.809645056724548340e-01 -7.663413882255554199e-01 7.761409759521484375e+00 4.998442903161048889e-02 5.603868141770362854e-02 5.204233806580305099e-03
5.808476209640502930e-01 -7.663742303848266602e-01 7.761409759521484375e+00 4.999293386936187744e-02 5.604622513055801392e-02 5.208478309214115143e-03
5.807892680168151855e-01 -7.663898468017578125e-01 7.761371135711669922e+00 5.000385642051696777e-02 5.604144930839538574e-02 5.202828440815210342e-03
5.808309912681579590e-01 -7.663125991821289062e-01 7.761374950408935547e+00 4.995711892843246460e-02 5.604144930839538574e-02 5.197941791266202927e-03
5.809421539306640625e-01 -7.661891579627990723e-01 7.761384963989257812e+00 4.991299659013748169e-02 5.604144930839538574e-02 5.193768534809350967e-03
5.809683799743652344e-01 -7.660998702049255371e-01 7.761432170867919922e+00 4.988827556371688843e-02 5.604144930839538574e-02 5.190009251236915588e-03
5.809989571571350098e-01 -7.661609053611755371e-01 7.761570453643798828e+00 4.988827556371688843e-02 5.603465810418128967e-02 5.190829746425151825e-03
5.810328125953674316e-01 -7.662689089775085449e-01 7.761562347412109375e+00 4.988827556371688843e-02 5.604613199830055237e-02 5.191267468035221100e-03
5.809880495071411133e-01 -7.663801908493041992e-01 7.761736392974853516e+00 4.989434033632278442e-02 5.605346709489822388e-02 5.188815761357545853e-03
5.809521675109863281e-01 -7.665179967880249023e-01 7.761844635009765625e+00 4.991284012794494629e-02 5.606217309832572937e-02 5.183202680200338364e-03
5.809536576271057129e-01 -7.667959332466125488e-01 7.761943340301513672e+00 4.994641244411468506e-02 5.606801807880401611e-02 5.184023175388574600e-03
5.809644460678100586e-01 -7.670621871948242188e-01 7.761915206909179688e+00 4.998515546321868896e-02 5.607049912214279175e-02 5.174894351512193680e-03
5.809139609336853027e-01 -7.671543359756469727e-01 7.762009620666503906e+00 5.001899972558021545e-02 5.606838688254356384e-02 5.164271220564842224e-03
5.809248089790344238e-01 -7.670732736587524414e-01 7.762095451354980469e+00 5.001899972558021545e-02 5.607119947671890259e-02 5.172125063836574554e-03
5.808005332946777344e-01 -7.668765783309936523e-01 7.762183666229248047e+00 5.001899972558021545e-02 5.607324838638305664e-02 5.180587992072105408e-03
5.806761980056762695e-01 -7.666137814521789551e-01 7.762338638305664062e+00 5.001899972558021545e-02 5.606898292899131775e-02 5.172132514417171478e-03
5.807199478149414062e-01 -7.668367624282836914e-01 7.762570858001708984e+00 5.000822991132736206e-02 5.605768784880638123e-02 5.155765917152166367e-03
5.808318853378295898e-01 -7.666778564453125000e-01 7.762675762176513672e+00 4.998328536748886108e-02 5.604209750890731812e-02 5.159291438758373260e-03
5.809248089790344238e-01 -7.663747668266296387e-01 7.762675762176513672e+00 4.996427148580551147e-02 5.604675039649009705e-02 5.167699884623289108e-03
5.810092687606811523e-01 -7.661621570587158203e-01 7.762947082519531250e+00 4.994515702128410339e-02 5.605255067348480225e-02 5.148911848664283752e-03
5.810459852218627930e-01 -7.660390734672546387e-01 7.763259887695312500e+00 4.993666708469390869e-02 5.606199800968170166e-02 5.158587824553251266e-03
5.810459852218627930e-01 -7.658770680427551270e-01 7.762947082519531250e+00 4.994796589016914368e-02 5.607082694768905640e-02 5.189283285290002823e-03
5.810449719429016113e-01 -7.655973434448242188e-01 7.762695312500000000e+00 4.994156584143638611e-02 5.607082694768905640e-02 5.174304358661174774e-03
5.811170935630798340e-01 -7.653859257698059082e-01 7.762825489044189453e+00 4.993497580289840698e-02 5.607893317937850952e-02 5.153022240847349167e-03
5.812593102455139160e-01 -7.651559114456176758e-01 7.762718200683593750e+00 4.994156584143638611e-02 5.608623847365379333e-02 5.143716931343078613e-03
5.817607045173645020e-01 -7.651559114456176758e-01 7.762403488159179688e+00 4.994672164320945740e-02 5.607612431049346924e-02 5.184219218790531158e-03
5.824359059333801270e-01 -7.651559114456176758e-01 7.762278079986572266e+00 4.994672164320945740e-02 5.606419593095779419e-02 5.165532696992158890e-03
5.825976729393005371e-01 -7.651559114456176758e-01 7.762579917907714844e+00 4.994672164320945740e-02 5.605411902070045471e-02 5.158668849617242813e-03
5.824888944625854492e-01 -7.652602791786193848e-01 7.763005256652832031e+00 4.994899407029151917e-02 5.604606866836547852e-02 5.155492573976516724e-03
5.822973251342773438e-01 -7.653450369834899902e-01 7.762652873992919922e+00 4.995846375823020935e-02 5.603412911295890808e-02 5.150191951543092728e-03
5.821850299835205078e-01 -7.655424475669860840e-01 7.762275218963623047e+00 4.998006671667098999e-02 5.602599680423736572e-02 5.145303905010223389e-03
5.823988914489746094e-01 -7.661436200141906738e-01 7.761980056762695312e+00 5.002741143107414246e-02 5.601957067847251892e-02 5.142564419656991959e-03
5.822504758834838867e-01 -7.658073902130126953e-01 7.761745452880859375e+00 5.002741143107414246e-02 5.602644011378288269e-02 5.143902264535427094e-03
5.821254253387451172e-01 -7.656099200248718262e-01 7.761752128601074219e+00 5.002741143107414246e-02 5.603551119565963745e-02 5.141188390552997589e-03
5.820322036743164062e-01 -7.665022015571594238e-01 7.761765003204345703e+00 5.002741143107414246e-02 5.604392662644386292e-02 5.140373483300209045e-03
5.820995569229125977e-01 -7.674055099487304688e-01 7.761789321899414062e+00 5.002741143107414246e-02 5.604733154177665710e-02 5.141188390552997589e-03
5.821799039840698242e-01 -7.675018310546875000e-01 7.761513233184814453e+00 5.001996457576751709e-02 5.604968965053558350e-02 5.141329020261764526e-03
5.823988914489746094e-01 -7.675018310546875000e-01 7.761178493499755859e+00 5.000647529959678650e-02 5.605294927954673767e-02 5.140373483300209045e-03
5.822773575782775879e-01 -7.675018310546875000e-01 7.761442184448242188e+00 5.002904310822486877e-02 5.605929717421531677e-02 5.140163935720920563e-03
5.821729898452758789e-01 -7.675528526306152344e-01 7.761711120605468750e+00 5.007952451705932617e-02 5.607194080948829651e-02 5.140796303749084473e-03
5.821158289909362793e-01 -7.674537897109985352e-01 7.762007236480712891e+00 5.012676119804382324e-02 5.610252916812896729e-02 5.142065696418285370e-03
5.821520090103149414e-01 -7.671525478363037109e-01 7.762333393096923828e+00 5.016040802001953125e-02 5.615467578172683716e-02 5.143876653164625168e-03
5.820489525794982910e-01 -7.674537897109985352e-01 7.762966632843017578e+00 5.012676119804382324e-02 5.612944066524505615e-02 5.145092960447072983e-03
5.819398164749145508e-01 -7.674027085304260254e-01 7.763011455535888672e+00 5.007047951221466064e-02 5.612159520387649536e-02 5.146361887454986572e-03
5.817497372627258301e-01 -7.669848203659057617e-01 7.762715339660644531e+00 4.999744892120361328e-02 5.612159520387649536e-02 5.146927200257778168e-03
5.815717577934265137e-01 -7.666140794754028320e-01 7.762522697448730469e+00 4.992708563804626465e-02 5.612159520387649536e-02 5.145178642123937607e-03
5.816264152526855469e-01 -7.663455009460449219e-01 7.762837409973144531e+00 4.987892881035804749e-02 5.613375082612037659e-02 5.143876653164625168e-03
5.817589163780212402e-01 -7.661727666854858398e-01 7.763255596160888672e+00 4.984910041093826294e-02 5.616419017314910889e-02 5.143139977008104324e-03
5.819658041000366211e-01 -7.660481929779052734e-01 7.763778209686279297e+00 4.980861395597457886e-02 5.617055296897888184e-02 5.141955800354480743e-03
5.819489359855651855e-01 -7.659940123558044434e-01 7.763757705688476562e+00 4.975444078445434570e-02 5.617558211088180542e-02 5.140834487974643707e-03
5.818845033645629883e-01 -7.659610509872436523e-01 7.763671875000000000e+00 4.974984005093574524e-02 5.618348345160484314e-02 5.144642665982246399e-03
5.817389488220214844e-01 -7.658558487892150879e-01 7.763617515563964844e+00 4.974761977791786194e-02 5.617558211088180542e-02 5.149247590452432632e-03
5.816278457641601562e-01 -7.656475305557250977e-01 7.763707160949707031e+00 4.978587478399276733e-02 5.616733431816101074e-02 5.154325626790523529e-03
5.815449953079223633e-01 -7.653738856315612793e-01 7.763652324676513672e+00 4.983543604612350464e-02 5.616091191768646240e-02 5.153167061507701874e-03
5.814769268035888672e-01 -7.651898860931396484e-01 7.763602256774902344e+00 4.985252767801284790e-02 5.615150183439254761e-02 5.148813128471374512e-03
5.814005732536315918e-01 -7.651898860931396484e-01 7.763527393341064453e+00 4.985704645514488220e-02 5.612538382411003113e-02 5.146121606230735779e-03
5.811862945556640625e-01 -7.651898860931396484e-01 7.763290405273437500e+00 4.986533895134925842e-02 5.609571933746337891e-02 5.152128171175718307e-03
5.807144045829772949e-01 -7.652317285537719727e-01 7.763155937194824219e+00 4.986533895134925842e-02 5.606952309608459473e-02 5.153929814696311951e-03
5.804538130760192871e-01 -7.652317285537719727e-01 7.763165950775146484e+00 4.986533895134925842e-02 5.607225000858306885e-02 5.154754966497421265e-03
5.801690816879272461e-01 -7.649208307266235352e-01 7.763212680816650391e+00 4.987363517284393311e-02 5.608192086219787598e-02 5.155518651008605957e-03
5.798776745796203613e-01 -7.640370726585388184e-01 7.763265609741210938e+00 4.992041364312171936e-02 5.607751756906509399e-02 5.157046020030975342e-03
5.796641707420349121e-01 -7.642658948898315430e-01 7.763212680816650391e+00 4.995476081967353821e-02 5.607457458972930908e-02 5.161997396498918533e-03
5.797485113143920898e-01 -7.649042010307312012e-01 7.763325214385986328e+00 4.998758435249328613e-02 5.607324466109275818e-02 5.156664177775382996e-03
5.799774527549743652e-01 -7.652150988578796387e-01 7.763491153717041016e+00 5.002387613058090210e-02 5.606817081570625305e-02 5.162287037819623947e-03
5.795626640319824219e-01 -7.655512094497680664e-01 7.763325214385986328e+00 5.006478726863861084e-02 5.606354400515556335e-02 5.173514131456613541e-03
5.792554020881652832e-01 -7.659059166908264160e-01 7.763159751892089844e+00 5.009741336107254028e-02 5.605157837271690369e-02 5.186849273741245270e-03
5.790501236915588379e-01 -7.660332918167114258e-01 7.763202667236328125e+00 5.010779947042465210e-02 5.603147298097610474e-02 5.190556868910789490e-03
5.788697004318237305e-01 -7.660332918167114258e-01 7.763133525848388672e+00 5.010779947042465210e-02 5.601330101490020752e-02 5.195914767682552338e-03
5.788022875785827637e-01 -7.660332918167114258e-01 7.763031959533691406e+00 5.010779947042465210e-02 5.600140988826751709e-02 5.206857807934284210e-03
5.787335038185119629e-01 -7.659559249877929688e-01 7.762898921966552734e+00 5.010779947042465210e-02 5.599331483244895935e-02 5.207791924476623535e-03
5.787863135337829590e-01 -7.659801244735717773e-01 7.762823104858398438e+00 5.010779947042465210e-02 5.598346889019012451e-02 5.214021541178226471e-03
5.788264870643615723e-01 -7.659889459609985352e-01 7.762691497802734375e+00 5.010779947042465210e-02 5.596888065338134766e-02 5.225392989814281464e-03
5.789124369621276855e-01 -7.659380435943603516e-01 7.762432098388671875e+00 5.010779947042465210e-02 5.598346889019012451e-02 5.225392989814281464e-03
5.787736773490905762e-01 -7.659662961959838867e-01 7.762725353240966797e+00 5.010279268026351929e-02 5.599207431077957153e-02 5.225392989814281464e-03
5.788359045982360840e-01 -7.659711241722106934e-01 7.762898921966552734e+00 5.010136961936950684e-02 5.599598586559295654e-02 5.223335698246955872e-03
5.789020061492919922e-01 -7.660175561904907227e-01 7.763031482696533203e+00 5.010286718606948853e-02 5.598468333482742310e-02 5.227488931268453598e-03
5.790009498596191406e-01 -7.660350799560546875e-01 7.762919425964355469e+00 5.010704323649406433e-02 5.594702810049057007e-02 5.241907667368650436e-03
5.789773464202880859e-01 -7.661833763122558594e-01 7.762841224670410156e+00 5.010831356048583984e-02 5.590870976448059082e-02 5.244789645075798035e-03
5.788409709930419922e-01 -7.665811777114868164e-01 7.762705326080322266e+00 5.010956153273582458e-02 5.588788539171218872e-02 5.241010803729295731e-03
5.786967277526855469e-01 -7.671214342117309570e-01 7.762481212615966797e+00 5.011452734470367432e-02 5.585215613245964050e-02 5.238085519522428513e-03
5.785668492317199707e-01 -7.673726677894592285e-01 7.762134552001953125e+00 5.012381076812744141e-02 5.582058802247047424e-02 5.239468999207019806e-03
5.784366130828857422e-01 -7.670187950134277344e-01 7.762252330780029297e+00 5.012854561209678650e-02 5.581561848521232605e-02 5.235861521214246750e-03
5.786063671112060547e-01 -7.665359377861022949e-01 7.762308120727539062e+00 5.009737238287925720e-02 5.581577867269515991e-02 5.231470800936222076e-03
5.788275003433227539e-01 -7.661821842193603516e-01 7.761838912963867188e+00 5.004950612783432007e-02 5.581995472311973572e-02 5.230520386248826981e-03
5.788989663124084473e-01 -7.664437890052795410e-01 7.761419296264648438e+00 4.999083280563354492e-02 5.583677068352699280e-02 5.225685890763998032e-03
5.788989663124084473e-01 -7.666727900505065918e-01 7.761211872100830078e+00 4.998667910695075989e-02 5.586816370487213135e-02 5.223140120506286621e-03
5.789254307746887207e-01 -7.667762637138366699e-01 7.761408805847167969e+00 5.004427954554557800e-02 5.590746179223060608e-02 5.222002044320106506e-03
5.789716243743896484e-01 -7.669571042060852051e-01 7.761845588684082031e+00 5.010895431041717529e-02 5.597185343503952026e-02 5.220558959990739822e-03
5.790455341339111328e-01 -7.672851085662841797e-01 7.762279987335205078e+00 5.014125630259513855e-02 5.604301393032073975e-02 5.216009914875030518e-03
5.791100859642028809e-01 -7.676619887351989746e-01 7.762434005737304688e+00 5.015004053711891174e-02 5.606881156563758850e-02 5.217318423092365265e-03
5.791682600975036621e-01 -7.679440975189208984e-01 7.762402534484863281e+00 5.015732347965240479e-02 5.605152249336242676e-02 5.219843238592147827e-03
5.791963934898376465e-01 -7.679007053375244141e-01 7.762270450592041016e+00 5.015236884355545044e-02 5.603308603167533875e-02 5.218242295086383820e-03
5.792356729507446289e-01 -7.677822709083557129e-01 7.761898517608642578e+00 5.015130713582038879e-02 5.604322254657745361e-02 5.216182675212621689e-03
5.794132351875305176e-01 -7.674210071563720703e-01 7.761502742767333984e+00 5.015738308429718018e-02 5.604669824242591858e-02 5.211621988564729691e-03
5.795851945877075195e-01 -7.673402428627014160e-01 7.761284828186035156e+00 5.017686262726783752e-02 5.606410279870033264e-02 5.213431082665920258e-03
5.794616937637329102e-01 -7.672152519226074219e-01 7.761395454406738281e+00 5.019143968820571899e-02 5.608414113521575928e-02 5.214778706431388855e-03
5.793972611427307129e-01 -7.672152519226074219e-01 7.761531352996826172e+00 5.019721388816833496e-02 5.609906092286109924e-02 5.215913988649845123e-03
5.793939232826232910e-01 -7.672556638717651367e-01 7.761691093444824219e+00 5.019885674118995667e-02 5.609906092286109924e-02 5.219377577304840088e-03
5.793454647064208984e-01 -7.671668529510498047e-01 7.761518955230712891e+00 5.020419508218765259e-02 5.609768256545066833e-02 5.220770835876464844e-03
5.795318484306335449e-01 -7.671180963516235352e-01 7.761355400085449219e+00 5.020961165428161621e-02 5.609234422445297241e-02 5.215677432715892792e-03
5.796313285827636719e-01 -7.671043276786804199e-01 7.761076927185058594e+00 5.020720139145851135e-02 5.608124285936355591e-02 5.205732304602861404e-03
5.796654820442199707e-01 -7.672588229179382324e-01 7.760715961456298828e+00 5.020272359251976013e-02 5.606566369533538818e-02 5.197121296077966690e-03
5.797154307365417480e-01 -7.672588229179382324e-01 7.761008262634277344e+00 5.020272359251976013e-02 5.606566369533538818e-02 5.197575315833091736e-03
5.798571705818176270e-01 -7.672123908996582031e-01 7.761349201202392578e+00 5.020272359251976013e-02 5.606566369533538818e-02 5.193953402340412140e-03
5.801151394844055176e-01 -7.671303153038024902e-01 7.761544227600097656e+00 5.020272359251976013e-02 5.606566369533538818e-02 5.191791802644729614e-03
