9.846053719520568848e-01
1.000249385833740234e+00
9.950622916221618652e-01
9.996691942214965820e-01
1.001276731491088867e+00
9.962841272354125977e-01
9.912654161453247070e-01
9.845989942550659180e-01
9.833972454071044922e-01
9.969584345817565918e-01
9.994814991950988770e-01
9.978227019309997559e-01
1.010114431381225586e+00
1.008368849754333496e+00
1.005239486694335938e+00
9.941024780273437500e-01
9.969490170478820801e-01
9.941796660423278809e-01
1.005761861801147461e+00
1.002791166305541992e+00
1.004745960235595703e+00
1.005708098411560059e+00
1.001388311386108398e+00
1.000389099121093750e+00
9.926391243934631348e-01
9.897264838218688965e-01
9.966862797737121582e-01
1.000545024871826172e+00
9.945639967918395996e-01
9.895679950714111328e-01
1.001572132110595703e+00
9.833561182022094727e-01
9.917551279067993164e-01
9.898796677589416504e-01
1.000252962112426758e+00
1.000776171684265137e+00
1.010783791542053223e+00
1.011683225631713867e+00
9.996398091316223145e-01
9.900076389312744141e-01
9.947400093078613281e-01
9.865157604217529297e-01
9.979238510131835938e-01
9.951617121696472168e-01
9.923978447914123535e-01
9.777969717979431152e-01
9.984645247459411621e-01
9.942994117736816406e-01
1.005439281463623047e+00
1.008821249008178711e+00
1.005982279777526855e+00
9.921957254409790039e-01
1.001391768455505371e+00
1.001340985298156738e+00
1.000451087951660156e+00
1.004568815231323242e+00
9.923867583274841309e-01
9.931906461715698242e-01
9.993522763252258301e-01
1.002943992614746094e+00
1.006354093551635742e+00
9.963315129280090332e-01
9.986681938171386719e-01
1.003426074981689453e+00
1.001162290573120117e+00
9.973013997077941895e-01
9.816088676452636719e-01
9.981532692909240723e-01
9.988380074501037598e-01
1.000352859497070312e+00
9.968032836914062500e-01
9.965873360633850098e-01
9.947882890701293945e-01
9.886112213134765625e-01
9.971426725387573242e-01
9.984740018844604492e-01
9.972140192985534668e-01
1.004771709442138672e+00
9.998796582221984863e-01
9.977560043334960938e-01
